   1.00000000000000        1.20000000000000     
   2.00000000000000        2.10000000000000     
   3.00000000000000        3.30000000000000     
   4.00000000000000        6.70000000000000     
   5.00000000000000        7.70000000000000     
   6.00000000000000        8.00000000000000     
   7.00000000000000        10.3000000000000     
   8.00000000000000        11.7000000000000     
   9.00000000000000        13.9000000000000     
   10.0000000000000        14.9000000000000     
   11.0000000000000        16.2000000000000     
   12.0000000000000        15.7000000000000     
   13.0000000000000        16.6000000000000     
   14.0000000000000        18.0000000000000     
   15.0000000000000        21.7000000000000     
   16.0000000000000        41.6000000000000     
   17.0000000000000        50.9000000000000     
   17.0000000000000        50.9000000000000     
   17.0000000000000        50.9000000000000     
   17.0000000000000        50.9000000000000     
   17.0000000000000        50.9000000000000     
   17.0000000000000        50.9000000000000     
   17.0000000000000        50.9000000000000     
   17.0000000000000        50.9000000000000     
   17.0000000000000        50.9000000000000     
   17.0000000000000        50.9000000000000     
   17.0000000000000        50.9000000000000     
   17.0000000000000        50.9000000000000     
   17.0000000000000        50.9000000000000     
   17.0000000000000        50.9000000000000     
   17.0000000000000        50.9000000000000     
   17.0000000000000        50.9000000000000     
   17.0000000000000        50.9000000000000     
   17.0000000000000        50.9000000000000     
   17.0000000000000        50.9000000000000     
   17.0000000000000        50.9000000000000     
   17.0000000000000        50.9000000000000     
   17.0000000000000        50.9000000000000     
   17.0000000000000        50.9000000000000     
   17.0000000000000        50.9000000000000     
   17.0000000000000        50.9000000000000     
   17.0000000000000        50.9000000000000     
   17.0000000000000        50.9000000000000     
   17.0000000000000        50.9000000000000     
   17.0000000000000        50.9000000000000     
   17.0000000000000        50.9000000000000     
   17.0000000000000        50.9000000000000     
   17.0000000000000        50.9000000000000     
   17.0000000000000        50.9000000000000     
   17.0000000000000        50.9000000000000     
