   1.00000000000000        1.00000000000000     
   2.00000000000000        1.50000000000000     
   3.00000000000000        2.10000000000000     
   4.00000000000000        2.70000000000000     
   5.00000000000000        3.30000000000000     
   6.00000000000000        4.10000000000000     
   7.00000000000000        5.40000000000000     
   8.00000000000000        6.50000000000000     
   9.00000000000000        7.20000000000000     
   9.00000000000000        7.20000000000000     
   9.00000000000000        7.20000000000000     
   9.00000000000000        7.20000000000000     
   9.00000000000000        7.20000000000000     
   9.00000000000000        7.20000000000000     
   9.00000000000000        7.20000000000000     
   9.00000000000000        7.20000000000000     
   9.00000000000000        7.20000000000000     
   9.00000000000000        7.20000000000000     
   9.00000000000000        7.20000000000000     
   9.00000000000000        7.20000000000000     
   9.00000000000000        7.20000000000000     
   9.00000000000000        7.20000000000000     
   9.00000000000000        7.20000000000000     
   9.00000000000000        7.20000000000000     
   9.00000000000000        7.20000000000000     
   9.00000000000000        7.20000000000000     
   9.00000000000000        7.20000000000000     
   9.00000000000000        7.20000000000000     
   9.00000000000000        7.20000000000000     
   9.00000000000000        7.20000000000000     
   9.00000000000000        7.20000000000000     
   9.00000000000000        7.20000000000000     
   9.00000000000000        7.20000000000000     
   9.00000000000000        7.20000000000000     
   9.00000000000000        7.20000000000000     
   9.00000000000000        7.20000000000000     
   9.00000000000000        7.20000000000000     
   9.00000000000000        7.20000000000000     
   9.00000000000000        7.20000000000000     
   9.00000000000000        7.20000000000000     
   9.00000000000000        7.20000000000000     
   9.00000000000000        7.20000000000000     
   9.00000000000000        7.20000000000000     
   9.00000000000000        7.20000000000000     
   9.00000000000000        7.20000000000000     
   9.00000000000000        7.20000000000000     
   9.00000000000000        7.20000000000000     
   9.00000000000000        7.20000000000000     
   9.00000000000000        7.20000000000000     
   9.00000000000000        7.20000000000000     
