   1.00000000000000        1.20000000000000     
   2.00000000000000        2.60000000000000     
   3.00000000000000        4.30000000000000     
   4.00000000000000        5.20000000000000     
   5.00000000000000        6.40000000000000     
   6.00000000000000        8.90000000000000     
   7.00000000000000        9.40000000000000     
   8.00000000000000        10.2000000000000     
   9.00000000000000        10.7000000000000     
   10.0000000000000        12.3000000000000     
   11.0000000000000        12.8000000000000     
   11.0000000000000        12.8000000000000     
   11.0000000000000        12.8000000000000     
   11.0000000000000        12.8000000000000     
   11.0000000000000        12.8000000000000     
   11.0000000000000        12.8000000000000     
   11.0000000000000        12.8000000000000     
   11.0000000000000        12.8000000000000     
   11.0000000000000        12.8000000000000     
   11.0000000000000        12.8000000000000     
   11.0000000000000        12.8000000000000     
   11.0000000000000        12.8000000000000     
   11.0000000000000        12.8000000000000     
   11.0000000000000        12.8000000000000     
   11.0000000000000        12.8000000000000     
   11.0000000000000        12.8000000000000     
   11.0000000000000        12.8000000000000     
   11.0000000000000        12.8000000000000     
   11.0000000000000        12.8000000000000     
   11.0000000000000        12.8000000000000     
   11.0000000000000        12.8000000000000     
   11.0000000000000        12.8000000000000     
   11.0000000000000        12.8000000000000     
   11.0000000000000        12.8000000000000     
   11.0000000000000        12.8000000000000     
   11.0000000000000        12.8000000000000     
   11.0000000000000        12.8000000000000     
   11.0000000000000        12.8000000000000     
   11.0000000000000        12.8000000000000     
   11.0000000000000        12.8000000000000     
   11.0000000000000        12.8000000000000     
   11.0000000000000        12.8000000000000     
   11.0000000000000        12.8000000000000     
   11.0000000000000        12.8000000000000     
   11.0000000000000        12.8000000000000     
   11.0000000000000        12.8000000000000     
   11.0000000000000        12.8000000000000     
   11.0000000000000        12.8000000000000     
   11.0000000000000        12.8000000000000     
   11.0000000000000        12.8000000000000     
