   1.00000000000000        1.20000000000000     
   2.00000000000000        2.50000000000000     
   3.00000000000000        3.10000000000000     
   4.00000000000000        3.70000000000000     
   5.00000000000000        7.10000000000000     
   6.00000000000000        7.50000000000000     
   7.00000000000000        8.00000000000000     
   8.00000000000000        8.80000000000000     
   9.00000000000000        11.7000000000000     
   10.0000000000000        13.3000000000000     
   11.0000000000000        14.6000000000000     
   12.0000000000000        14.8000000000000     
   13.0000000000000        17.4000000000000     
   14.0000000000000        20.1000000000000     
   15.0000000000000        20.3000000000000     
   16.0000000000000        22.3000000000000     
   17.0000000000000        23.3000000000000     
   18.0000000000000        38.9000000000000     
   19.0000000000000        43.1000000000000     
   19.0000000000000        43.1000000000000     
   19.0000000000000        43.1000000000000     
   19.0000000000000        43.1000000000000     
   19.0000000000000        43.1000000000000     
   19.0000000000000        43.1000000000000     
   19.0000000000000        43.1000000000000     
   19.0000000000000        43.1000000000000     
   19.0000000000000        43.1000000000000     
   19.0000000000000        43.1000000000000     
   19.0000000000000        43.1000000000000     
   19.0000000000000        43.1000000000000     
   19.0000000000000        43.1000000000000     
   19.0000000000000        43.1000000000000     
   19.0000000000000        43.1000000000000     
   19.0000000000000        43.1000000000000     
   19.0000000000000        43.1000000000000     
   19.0000000000000        43.1000000000000     
   19.0000000000000        43.1000000000000     
   19.0000000000000        43.1000000000000     
   19.0000000000000        43.1000000000000     
   19.0000000000000        43.1000000000000     
   19.0000000000000        43.1000000000000     
   19.0000000000000        43.1000000000000     
   19.0000000000000        43.1000000000000     
   19.0000000000000        43.1000000000000     
   19.0000000000000        43.1000000000000     
   19.0000000000000        43.1000000000000     
   19.0000000000000        43.1000000000000     
   19.0000000000000        43.1000000000000     
   19.0000000000000        43.1000000000000     
   19.0000000000000        43.1000000000000     
