   1.00000000000000        1.20000000000000     
   2.00000000000000        2.50000000000000     
   3.00000000000000        6.20000000000000     
   4.00000000000000        6.80000000000000     
   5.00000000000000        7.10000000000000     
   6.00000000000000        7.50000000000000     
   7.00000000000000        8.00000000000000     
   8.00000000000000        11.2000000000000     
   9.00000000000000        13.1000000000000     
   10.0000000000000        13.3000000000000     
   11.0000000000000        16.0000000000000     
   12.0000000000000        18.3000000000000     
   13.0000000000000        21.8000000000000     
   14.0000000000000        21.9000000000000     
   15.0000000000000        26.1000000000000     
   16.0000000000000        31.3000000000000     
   17.0000000000000        35.8000000000000     
   18.0000000000000        40.0000000000000     
   19.0000000000000        92.4000000000000     
   19.0000000000000        92.4000000000000     
   19.0000000000000        92.4000000000000     
   19.0000000000000        92.4000000000000     
   19.0000000000000        92.4000000000000     
   19.0000000000000        92.4000000000000     
   19.0000000000000        92.4000000000000     
   19.0000000000000        92.4000000000000     
   19.0000000000000        92.4000000000000     
   19.0000000000000        92.4000000000000     
   19.0000000000000        92.4000000000000     
   19.0000000000000        92.4000000000000     
   19.0000000000000        92.4000000000000     
   19.0000000000000        92.4000000000000     
   19.0000000000000        92.4000000000000     
   19.0000000000000        92.4000000000000     
   19.0000000000000        92.4000000000000     
   19.0000000000000        92.4000000000000     
   19.0000000000000        92.4000000000000     
   19.0000000000000        92.4000000000000     
   19.0000000000000        92.4000000000000     
   19.0000000000000        92.4000000000000     
   19.0000000000000        92.4000000000000     
   19.0000000000000        92.4000000000000     
   19.0000000000000        92.4000000000000     
   19.0000000000000        92.4000000000000     
   19.0000000000000        92.4000000000000     
   19.0000000000000        92.4000000000000     
   19.0000000000000        92.4000000000000     
   19.0000000000000        92.4000000000000     
   19.0000000000000        92.4000000000000     
   19.0000000000000        92.4000000000000     
