  0.900280114142213        2.24187301587302     
   1.90093699732665        4.88025297619048     
   2.90037561246754        5.89824206349206     
   3.90050857849201        8.60555357142857     
   4.90015980365570        9.62254365079365     
   5.90233503371746        13.1310595238095     
   6.90067890798673        14.6655357142857     
   7.90299734496512        17.2679513888889     
   8.90416099868889        18.5257023809524     
   9.90105280320859        18.8563740079365     
   10.9008660796098        19.5986369047619     
   11.9052910527098        20.8743700396825     
   12.9041921360258        21.0062390873016     
   13.9020557472832        21.1580882936508     
   14.9001695269835        22.2160376984127     
   15.9002770143561        24.3209474206349     
   16.9005293544033        24.5816884920635     
   17.9009138196707        36.6716825396825     
   18.9001433667727        40.9484355158730     
   19.9014476574957        43.4599414682540     
   20.9009927138686        45.2581557539683     
   20.9009927138686        45.2581557539683     
   20.9009927138686        45.2581557539683     
   20.9009927138686        45.2581557539683     
   20.9009927138686        45.2581557539683     
   20.9009927138686        45.2581557539683     
   20.9009927138686        45.2581557539683     
   20.9009927138686        45.2581557539683     
   20.9009927138686        45.2581557539683     
   20.9009927138686        45.2581557539683     
   20.9009927138686        45.2581557539683     
   20.9009927138686        45.2581557539683     
   20.9009927138686        45.2581557539683     
   20.9009927138686        45.2581557539683     
   20.9009927138686        45.2581557539683     
   20.9009927138686        45.2581557539683     
   20.9009927138686        45.2581557539683     
   20.9009927138686        45.2581557539683     
   20.9009927138686        45.2581557539683     
   20.9009927138686        45.2581557539683     
   20.9009927138686        45.2581557539683     
   20.9009927138686        45.2581557539683     
   20.9009927138686        45.2581557539683     
   20.9009927138686        45.2581557539683     
   20.9009927138686        45.2581557539683     
   20.9009927138686        45.2581557539683     
   20.9009927138686        45.2581557539683     
   20.9009927138686        45.2581557539683     
   20.9009927138686        45.2581557539683     
   20.9009927138686        45.2581557539683     
