  0.100000000000000       9.570953994370024E-006
  0.200000000000000       1.333284273681290E-004
  0.300000000000000       8.356831372537954E-004
  0.400000000000000       3.188226141986661E-003
  0.500000000000000       8.945871334945288E-003
  0.600000000000000       1.993984973965723E-002
  0.700000000000000       3.778862763256674E-002
  0.800000000000000       6.443172189145407E-002
  0.900000000000000       9.898176705004502E-002
   1.00000000000000       0.140797417778657     
   1.10000000000000       0.192869201058627     
   1.20000000000000       0.251793292821496     
   1.30000000000000       0.314756517652359     
   1.40000000000000       0.388834266107111     
   1.50000000000000       0.457473063893588     
   1.60000000000000       0.547684180184177     
   1.70000000000000       0.626046095712013     
   1.80000000000000       0.701616283061725     
   1.90000000000000       0.765152814492737     
   2.00000000000000       0.816104472111647     
   2.10000000000000       0.862184313881301     
   2.20000000000000       0.887815040037907     
   2.30000000000000       0.920177666749453     
   2.40000000000000       0.947861526202473     
   2.50000000000000       0.961383689981574     
   2.60000000000000        1.00289288384607     
   2.70000000000000        1.04549415059711     
   2.80000000000000        1.07235897246130     
   2.90000000000000        1.10863526541402     
   3.00000000000000        1.12548135255241     
   3.10000000000000        1.13924710406911     
   3.20000000000000        1.15298556637589     
   3.30000000000000        1.13999084149305     
   3.40000000000000        1.14945058323286     
   3.50000000000000        1.18833713765633     
   3.60000000000000        1.17509261984469     
   3.70000000000000        1.19612763386215     
   3.80000000000000        1.19951387756811     
   3.90000000000000        1.20581345477964     
   4.00000000000000        1.21368300091819     
   4.10000000000000        1.25490776836682     
   4.20000000000000        1.26669771131867     
   4.30000000000000        1.33660132490070     
   4.40000000000000        1.41628382799178     
   4.50000000000000        1.49257191372305     
   4.60000000000000        1.60422465894754     
   4.70000000000000        1.72448804540454     
   4.80000000000000        1.81734907089515     
   4.90000000000000        1.92057494621167     
   5.00000000000000        2.01220848220782     
   5.10000000000000        2.12859339099191     
   5.20000000000000        2.22550793274445     
   5.30000000000000        2.31562100332246     
   5.40000000000000        2.40596790844870     
   5.50000000000000        2.51647074892105     
   5.60000000000000        2.63067767917107     
   5.70000000000000        2.70616740598746     
   5.80000000000000        2.78884770491982     
   5.90000000000000        2.90227451212081     
   6.00000000000000        2.97890049234741     
   6.10000000000000        3.00579461653865     
   6.20000000000000        3.08759499537882     
   6.30000000000000        3.12704768558456     
   6.40000000000000        3.17096392744611     
   6.50000000000000        3.14954693499317     
   6.60000000000000        3.20521592467628     
   6.70000000000000        3.19807190907841     
   6.80000000000000        3.19704931743331     
   6.90000000000000        3.22421216141879     
   7.00000000000000        3.23880892187753     
   7.10000000000000        3.17352289406927     
   7.20000000000000        3.20271830244531     
   7.30000000000000        3.15174591398113     
   7.40000000000000        3.17780193743920     
   7.50000000000000        3.19414008565593     
   7.60000000000000        3.18578196053977     
   7.70000000000000        3.20630010036086     
   7.80000000000000        3.24070581811543     
   7.90000000000000        3.25272180235618     
   8.00000000000000        3.30589705361160     
   8.10000000000000        3.38970777774102     
   8.20000000000000        3.42622890736538     
   8.30000000000000        3.55112924419177     
   8.40000000000000        3.66299735020903     
   8.50000000000000        3.78898169163153     
   8.60000000000000        3.89437595860591     
   8.70000000000000        4.00850508819644     
   8.80000000000000        4.09751999974196     
   8.90000000000000        4.17263338479461     
   9.00000000000000        4.22040717875757     
   9.10000000000000        4.32451925559280     
   9.20000000000000        4.42213171624053     
   9.30000000000000        4.53126988830877     
   9.40000000000000        4.66971082906423     
   9.50000000000000        4.76183261713106     
   9.60000000000000        4.89121889989860     
   9.70000000000000        4.90145064827107     
   9.80000000000000        4.98697910893793     
   9.90000000000000        5.02868350431459     
   10.0000000000000        5.00247643893317     
   10.1000000000000        5.04414187989983     
   10.2000000000000        5.07379816053799     
   10.3000000000000        5.06216145474059     
   10.4000000000000        5.10000690012345     
   10.5000000000000        5.22195543757630     
   10.6000000000000        5.22323460726284     
   10.7000000000000        5.23916692983198     
   10.8000000000000        5.21014428509216     
   10.9000000000000        5.13467255777209     
   11.0000000000000        5.09260158006873     
   11.1000000000000        5.01784190803778     
   11.2000000000000        4.96754017808803     
   11.3000000000000        4.95508534176224     
   11.4000000000000        4.89342744571081     
   11.5000000000000        4.89992745639461     
   11.6000000000000        4.83967368288268     
   11.7000000000000        4.80170949886281     
   11.8000000000000        4.70557028554367     
   11.9000000000000        4.62527083228156     
   12.0000000000000        4.59588332934641     
   12.1000000000000        4.50901623384982     
   12.2000000000000        4.41330270327182     
   12.3000000000000        4.44558718290659     
   12.4000000000000        4.41826202322432     
   12.5000000000000        4.44468886310233     
   12.6000000000000        4.49279549736946     
   12.7000000000000        4.62936146142147     
   12.8000000000000        4.86798990621583     
   12.9000000000000        5.15814212589089     
   13.0000000000000        5.49146530295297     
   13.1000000000000        5.81355516633289     
   13.2000000000000        6.06984908580944     
   13.3000000000000        6.24041797872064     
   13.4000000000000        6.35327997995546     
   13.5000000000000        6.34291810626894     
   13.6000000000000        6.29329943165970     
   13.7000000000000        6.14419315913722     
   13.8000000000000        6.06974105683886     
   13.9000000000000        5.88321716923662     
   14.0000000000000        5.79183049862593     
   14.1000000000000        5.80322512973112     
   14.2000000000000        5.83638155996982     
   14.3000000000000        6.03560021088310     
   14.4000000000000        6.23917128186395     
   14.5000000000000        6.52403015960135     
   14.6000000000000        6.69489429577561     
   14.7000000000000        6.97293875676860     
   14.8000000000000        6.91696754051281     
   14.9000000000000        7.00145523956030     
   15.0000000000000        6.94445852538502     
   15.1000000000000        6.78802115001716     
   15.2000000000000        6.70954141884351     
   15.3000000000000        6.65817633735094     
   15.4000000000000        6.67855114907536     
   15.5000000000000        6.78374570875735     
   15.6000000000000        7.00032861762907     
   15.7000000000000        7.22610616768861     
   15.8000000000000        7.42610394432677     
   15.9000000000000        7.43244277630765     
   16.0000000000000        7.41360457029077     
   16.1000000000000        7.45717529725630     
   16.2000000000000        7.35030279238458     
   16.3000000000000        7.19735889077117     
   16.4000000000000        7.05961519441598     
   16.5000000000000        7.06852128872288     
   16.6000000000000        6.94284667257762     
   16.7000000000000        6.77705479276608     
   16.8000000000000        6.57860486592591     
   16.9000000000000        6.59713873271988     
   17.0000000000000        6.77429974553752     
   17.1000000000000        7.16406873455091     
   17.2000000000000        7.61175526193335     
   17.3000000000000        8.02405921757622     
   17.4000000000000        8.29829205413125     
   17.5000000000000        8.44525317858142     
   17.6000000000000        8.47953086229290     
   17.7000000000000        8.31791561512102     
   17.8000000000000        8.16772773625257     
   17.9000000000000        8.04430947269663     
   18.0000000000000        7.94245918658930     
   18.1000000000000        7.86860210069131     
   18.2000000000000        7.93493463269272     
   18.3000000000000        8.05169552296434     
   18.4000000000000        8.36642925887486     
   18.5000000000000        8.78771049770376     
   18.6000000000000        9.24019992192552     
   18.7000000000000        9.60985800861454     
   18.8000000000000        9.79627045514371     
   18.9000000000000        9.97997747511963     
   19.0000000000000        10.0920582616099     
   19.1000000000000        10.1285028912024     
   19.2000000000000        10.1909067789315     
   19.3000000000000        10.2523987966758     
   19.4000000000000        10.3809139121429     
   19.5000000000000        10.5856419129517     
   19.6000000000000        10.9054000177869     
   19.7000000000000        11.1814301103221     
   19.8000000000000        11.2896466332775     
   19.9000000000000        11.3610596568000     
   20.0000000000000        11.4690683118297     
   20.1000000000000        11.6166036997249     
   20.2000000000000        11.5666190907481     
   20.3000000000000        11.4811290262771     
   20.4000000000000        11.2334635031826     
   20.5000000000000        10.9936023686149     
   20.6000000000000        10.8882293185551     
   20.7000000000000        11.0107963357478     
   20.8000000000000        11.4611434666635     
   20.9000000000000        12.0811440586042     
   21.0000000000000        12.8561755203538     
   21.1000000000000        13.5641779952758     
   21.2000000000000        14.0835656419936     
   21.3000000000000        14.2278744034531     
   21.4000000000000        14.0439694487413     
   21.5000000000000        13.7728486242477     
   21.6000000000000        13.5850261477020     
   21.7000000000000        13.4878481580031     
   21.8000000000000        13.6600635261517     
   21.9000000000000        13.8655610531811     
   22.0000000000000        14.1922623489240     
   22.1000000000000        14.5291243155752     
   22.2000000000000        14.8624334968733     
   22.3000000000000        15.0261468946094     
   22.4000000000000        15.1237580953946     
   22.5000000000000        15.1465982601716     
   22.6000000000000        15.0979041391729     
   22.7000000000000        15.1490797351283     
   22.8000000000000        15.4077309345599     
   22.9000000000000        15.6895998009269     
   23.0000000000000        15.7479047666840     
   23.1000000000000        15.5259998912821     
   23.2000000000000        14.9111312775469     
   23.3000000000000        14.2862240635034     
   23.4000000000000        13.7691489019703     
   23.5000000000000        13.8007317440308     
   23.6000000000000        14.0525135459663     
   23.7000000000000        14.5251731389111     
   23.8000000000000        15.1210103290186     
   23.9000000000000        15.6092383399131     
   24.0000000000000        15.7399352143175     
   24.1000000000000        15.7694537300512     
   24.2000000000000        15.6746072433744     
   24.3000000000000        15.8544302120862     
   24.4000000000000        16.1335837382378     
   24.5000000000000        16.6790168175069     
   24.6000000000000        16.9112323689337     
   24.7000000000000        16.7480940724855     
   24.8000000000000        16.2291658693228     
   24.9000000000000        15.4926450208310     
   25.0000000000000        14.7289647742113     
   25.1000000000000        14.4177172913266     
   25.2000000000000        14.5790656116078     
   25.3000000000000        15.0164070901163     
   25.4000000000000        15.4060940528380     
   25.5000000000000        15.6699596067870     
   25.6000000000000        15.6727593800942     
   25.7000000000000        15.5733181760174     
   25.8000000000000        15.4385881874764     
   25.9000000000000        15.6669202178284     
   26.0000000000000        16.1572471188780     
   26.1000000000000        16.6860757538379     
   26.2000000000000        17.0544195266461     
   26.3000000000000        17.0302567376373     
   26.4000000000000        16.6217855467541     
   26.5000000000000        15.7376589638777     
   26.6000000000000        14.8786336661358     
   26.7000000000000        14.2623447683171     
   26.8000000000000        13.9560739132986     
   26.9000000000000        13.9553441019763     
   27.0000000000000        14.3619322119159     
   27.1000000000000        14.9026726597116     
   27.2000000000000        15.4823723054489     
   27.3000000000000        15.5810811091673     
   27.4000000000000        15.3575666723511     
   27.5000000000000        15.0324746730028     
   27.6000000000000        14.8453454913895     
   27.7000000000000        14.7881576709756     
   27.8000000000000        15.2617747522386     
   27.9000000000000        15.9408671281388     
   28.0000000000000        16.5547561632625     
   28.1000000000000        16.7630218775848     
   28.2000000000000        16.5438418408908     
   28.3000000000000        15.9653266874124     
   28.4000000000000        15.4160754889037     
   28.5000000000000        15.2134547398290     
   28.6000000000000        15.3009861568800     
   28.7000000000000        15.6554713422982     
   28.8000000000000        15.9794724048791     
   28.9000000000000        15.9856934449748     
   29.0000000000000        15.7677226740170     
   29.1000000000000        15.4613235915798     
   29.2000000000000        15.2994494725444     
   29.3000000000000        15.3592092323147     
   29.4000000000000        15.5690942366170     
   29.5000000000000        15.8957283440349     
   29.6000000000000        16.1408979335888     
   29.7000000000000        16.1244574688723     
   29.8000000000000        15.9669507820228     
   29.9000000000000        15.8147049816293     
   30.0000000000000        15.7637801475241     
   30.1000000000000        15.9060302857731     
   30.2000000000000        16.0090793815654     
   30.3000000000000        16.1797283450255     
   30.4000000000000        16.2703531004625     
   30.5000000000000        16.2231539108352     
   30.6000000000000        15.9638055681277     
   30.7000000000000        16.0626295409876     
   30.8000000000000        16.3821346588929     
   30.9000000000000        16.8243485234855     
   31.0000000000000        17.1475381907299     
   31.1000000000000        16.9786833120305     
   31.2000000000000        16.6598505634443     
   31.3000000000000        16.3277631789468     
   31.4000000000000        16.1355479088368     
   31.5000000000000        16.0587255648665     
   31.6000000000000        16.0614359456439     
   31.7000000000000        16.0877404890084     
   31.8000000000000        16.1091089019263     
   31.9000000000000        16.2176458225985     
   32.0000000000000        16.1976219469173     
   32.1000000000000        16.0932329221189     
   32.2000000000000        16.1625585509625     
   32.3000000000000        16.3891661046556     
   32.4000000000000        16.6442164626094     
   32.5000000000000        16.9400101298195     
   32.6000000000000        16.8400359930198     
   32.7000000000000        16.7322004415506     
   32.8000000000000        16.7476587598266     
   32.9000000000000        16.6731646509162     
   33.0000000000000        16.5851570662691     
   33.1000000000000        16.5544869631553     
   33.2000000000000        16.6107816252912     
   33.3000000000000        16.6825403323469     
   33.4000000000000        16.5862627428803     
   33.5000000000000        16.4138069259282     
   33.6000000000000        16.3089308521953     
   33.7000000000000        16.3225762547189     
   33.8000000000000        16.3058519375886     
   33.9000000000000        16.4151156338704     
   34.0000000000000        16.4823654223279     
   34.1000000000000        16.7052841953086     
   34.2000000000000        17.4014951873661     
   34.3000000000000        17.3519951998431     
   34.4000000000000        17.2881951387670     
   34.5000000000000        17.3470715463017     
   34.6000000000000        17.4870564945763     
   34.7000000000000        17.5645033897974     
   34.8000000000000        17.6673453785276     
   34.9000000000000        17.7580969423699     
   35.0000000000000        17.8596811682895     
   35.1000000000000        17.8832484577813     
   35.2000000000000        17.7603570199381     
   35.3000000000000        17.5764470751723     
   35.4000000000000        17.5478584260464     
   35.5000000000000        17.5284903499923     
   35.6000000000000        17.6151243395450     
   35.7000000000000        17.6923836422966     
   35.8000000000000        17.6780137016751     
   35.9000000000000        17.7774588598181     
   36.0000000000000        17.7522164863056     
   36.1000000000000        17.7356484364726     
   36.2000000000000        17.7409195647955     
   36.3000000000000        17.6736157058730     
   36.4000000000000        17.6744229422490     
   36.5000000000000        17.7073967579535     
   36.6000000000000        17.7571235398593     
   36.7000000000000        17.9520008711893     
   36.8000000000000        18.0091248126031     
   36.9000000000000        18.0852746874043     
   37.0000000000000        18.2066662377207     
   37.1000000000000        18.1380514942936     
   37.2000000000000        18.1554997953086     
   37.3000000000000        18.2125481355244     
   37.4000000000000        18.1278792869019     
   37.5000000000000        18.1682966664621     
   37.6000000000000        18.1364406573807     
   37.7000000000000        18.1005254287221     
   37.8000000000000        18.1197596426244     
   37.9000000000000        18.1631689117859     
   38.0000000000000        18.1972217005041     
   38.1000000000000        18.2168689775291     
   38.2000000000000        18.2995216522078     
   38.3000000000000        18.3664331023750     
   38.4000000000000        18.5484483721206     
   38.5000000000000        18.4686386955458     
   38.6000000000000        18.5115696700482     
   38.7000000000000        18.5641574083630     
   38.8000000000000        18.6065475094596     
   38.9000000000000        18.6190671156232     
   39.0000000000000        18.6559641245953     
   39.1000000000000        18.6853084467826     
   39.2000000000000        18.6987037775793     
   39.3000000000000        18.8154600361677     
   39.4000000000000        18.7283335289038     
   39.5000000000000        18.7214648401792     
   39.6000000000000        18.7467257612554     
   39.7000000000000        18.7499471231081     
   39.8000000000000        18.8091389229910     
   39.9000000000000        18.8275874042911     
   40.0000000000000        18.8619526561929     
   40.1000000000000        18.7945582995738     
   40.2000000000000        18.8323247081619     
   40.3000000000000        18.7267614060877     
   40.4000000000000        18.6877790126566     
   40.5000000000000        18.7218357013435     
   40.6000000000000        18.7020216929989     
   40.7000000000000        18.7772203159437     
   40.8000000000000        18.8585890966307     
   40.9000000000000        18.8809107764591     
   41.0000000000000        18.9197987198688     
   41.1000000000000        18.9474490066592     
   41.2000000000000        19.0412967387750     
   41.3000000000000        19.0366760167034     
   41.4000000000000        19.0795365276417     
   41.5000000000000        19.1312501403087     
   41.6000000000000        19.1601963201607     
   41.7000000000000        19.1331098056111     
   41.8000000000000        19.1195616554521     
   41.9000000000000        19.1384897310155     
   42.0000000000000        19.1301185157096     
   42.1000000000000        19.1319904443284     
   42.2000000000000        19.1413981872867     
   42.3000000000000        19.1671489925623     
   42.4000000000000        19.3276140050724     
   42.5000000000000        19.2755983638986     
   42.6000000000000        19.3200282908364     
   42.7000000000000        19.4040085343911     
   42.8000000000000        19.4716221324982     
   42.9000000000000        19.5740243727719     
   43.0000000000000        19.5828668309358     
   43.1000000000000        19.6236703484333     
   43.2000000000000        19.6963590658581     
   43.3000000000000        19.7693244832067     
   43.4000000000000        19.8000532132386     
   43.5000000000000        19.9532793023292     
   43.6000000000000        19.9171929304033     
   43.7000000000000        19.9890256445574     
   43.8000000000000        20.0649358260881     
   43.9000000000000        20.1661104408001     
   44.0000000000000        20.2233345693921     
   44.1000000000000        20.2480612150751     
   44.2000000000000        20.3663288362065     
   44.3000000000000        20.3994779375574     
   44.4000000000000        20.4462359008709     
   44.5000000000000        20.5485011420081     
   44.6000000000000        20.6167892665330     
   44.7000000000000        20.5895508969147     
   44.8000000000000        20.6746252239706     
   44.9000000000000        20.7368575499920     
   45.0000000000000        20.7568264691837     
   45.1000000000000        20.7449823701359     
   45.2000000000000        20.7691344278418     
   45.3000000000000        20.9842219298560     
   45.4000000000000        21.0009999014268     
   45.5000000000000        21.0922812392863     
   45.6000000000000        21.0476783786106     
   45.7000000000000        21.0748659396124     
   45.8000000000000        21.1994010604568     
   45.9000000000000        21.2517295567134     
   46.0000000000000        21.2121244870496     
   46.1000000000000        21.2794383890757     
   46.2000000000000        21.2744851891322     
   46.3000000000000        21.2576294941188     
   46.4000000000000        21.3185492009106     
   46.5000000000000        21.3109475176595     
   46.6000000000000        21.2639496881968     
   46.7000000000000        21.1919315190295     
   46.8000000000000        21.2027594672911     
   46.9000000000000        21.2366857490720     
   47.0000000000000        21.2254111366321     
   47.1000000000000        21.1464939789042     
   47.2000000000000        21.1153546452668     
   47.3000000000000        21.0608268370145     
   47.4000000000000        21.0479779543579     
   47.5000000000000        21.0777247496185     
   47.6000000000000        21.1001881730011     
   47.7000000000000        21.1031589309794     
   47.8000000000000        21.0186240228456     
   47.9000000000000        20.9845979425602     
   48.0000000000000        21.1203837252679     
   48.1000000000000        21.1384920583135     
   48.2000000000000        21.2043073152694     
   48.3000000000000        21.1271809820423     
   48.4000000000000        20.9637505992617     
   48.5000000000000        21.0494100526629     
   48.6000000000000        21.1791893032926     
   48.7000000000000        21.0990188772352     
   48.8000000000000        21.1679975599722     
   48.9000000000000        21.0942449013293     
   49.0000000000000        21.0910829755899     
   49.1000000000000        21.1701322706033     
   49.2000000000000        21.1750707375849     
   49.3000000000000        21.1014250012858     
   49.4000000000000        21.2572775404528     
   49.5000000000000        21.2283473187306     
   49.6000000000000        21.0969697484688     
   49.7000000000000        21.0794658715534     
   49.8000000000000        21.0328149476401     
   49.9000000000000        21.1069456746298     
   50.0000000000000        21.1481854745641     
   50.1000000000000        21.2008720823817     
   50.2000000000000        21.0877409151559     
   50.3000000000000        21.1607875447045     
   50.4000000000000        21.1232449950025     
   50.5000000000000        21.1714316889174     
   50.6000000000000        21.2327216204289     
   50.7000000000000        21.1790535246192     
   50.8000000000000        21.1299112766797     
   50.9000000000000        21.0999032562389     
   51.0000000000000        21.1980539576389     
   51.1000000000000        20.9861208935542     
   51.2000000000000        21.1516719898507     
   51.3000000000000        21.1351280897056     
   51.4000000000000        21.0339631657789     
   51.5000000000000        21.0744312103706     
   51.6000000000000        21.0395537856423     
   51.7000000000000        21.0282707065888     
   51.8000000000000        21.0526011225661     
   51.9000000000000        21.0328372685480     
   52.0000000000000        20.9620957531448     
   52.1000000000000        20.9548752570356     
   52.2000000000000        21.0012735324501     
   52.3000000000000        20.9784140397037     
   52.4000000000000        21.0695684036721     
   52.5000000000000        21.0816290610992     
   52.6000000000000        20.9591646340723     
   52.7000000000000        21.0441945151736     
   52.8000000000000        21.0604067950642     
   52.9000000000000        21.0870110751228     
   53.0000000000000        21.0631520052519     
   53.1000000000000        21.0414077677287     
   53.2000000000000        21.1151679051603     
   53.3000000000000        21.1749879244434     
   53.4000000000000        21.1257403497881     
   53.5000000000000        21.1693796967372     
   53.6000000000000        21.0722252685234     
   53.7000000000000        21.2512502989749     
   53.8000000000000        21.1810431647176     
   53.9000000000000        21.0285261990358     
   54.0000000000000        21.2055713076153     
   54.1000000000000        21.1552303697468     
   54.2000000000000        21.1558123811378     
   54.3000000000000        21.1540796240209     
   54.4000000000000        21.2148181450687     
   54.5000000000000        21.2855434375676     
   54.6000000000000        21.1382009376115     
   54.7000000000000        21.1968322168700     
   54.8000000000000        21.1679497297960     
   54.9000000000000        21.1178451256933     
   55.0000000000000        21.2341154912142     
   55.1000000000000        21.2135782497378     
   55.2000000000000        21.1092476075152     
   55.3000000000000        21.0834793152738     
   55.4000000000000        21.0715237905117     
   55.5000000000000        21.0944273195418     
   55.6000000000000        20.9954988151189     
   55.7000000000000        20.9980230832767     
   55.8000000000000        21.0880559844492     
   55.9000000000000        21.0401270783635     
   56.0000000000000        21.0868944621855     
   56.1000000000000        20.9743751531853     
   56.2000000000000        20.9424012075183     
   56.3000000000000        20.8400613383571     
   56.4000000000000        20.9889214008512     
   56.5000000000000        21.0063255058269     
   56.6000000000000        20.9768186895271     
   56.7000000000000        21.0727457385809     
   56.8000000000000        21.0800385668628     
   56.9000000000000        21.1078401484529     
   57.0000000000000        21.1402319511621     
   57.1000000000000        21.1903763635428     
   57.2000000000000        21.1824217500305     
   57.3000000000000        21.2156036343363     
   57.4000000000000        21.2874363289064     
   57.5000000000000        21.3734345779193     
   57.6000000000000        21.4286773138647     
   57.7000000000000        21.4112249755576     
   57.8000000000000        21.4040348147212     
   57.9000000000000        21.3183739035071     
   58.0000000000000        21.4112099178289     
   58.1000000000000        21.4567601713709     
   58.2000000000000        21.5390848903976     
   58.3000000000000        21.5287502574469     
   58.4000000000000        21.4770139137043     
   58.5000000000000        21.4040100404843     
   58.6000000000000        21.3882866322771     
   58.7000000000000        21.3193450452473     
   58.8000000000000        21.3784552113412     
   58.9000000000000        21.3923418805506     
   59.0000000000000        21.3140006475169     
   59.1000000000000        21.3206333102487     
   59.2000000000000        21.3196242580317     
   59.3000000000000        21.2159707200705     
   59.4000000000000        21.1791101721921     
   59.5000000000000        21.1674383805637     
   59.6000000000000        21.1832487696360     
   59.7000000000000        21.1830423354824     
   59.8000000000000        21.0837685500864     
   59.9000000000000        21.1213290927533     
   60.0000000000000        21.0579645834110     
   60.1000000000000        21.0331072625279     
   60.2000000000000        20.9429527850962     
   60.3000000000000        21.0905605753697     
   60.4000000000000        21.0447174660601     
   60.5000000000000        20.9266522689415     
   60.6000000000000        20.8892687157490     
   60.7000000000000        20.9490549806684     
   60.8000000000000        21.0290113732248     
   60.9000000000000        21.0798509314685     
   61.0000000000000        21.0951583530961     
   61.1000000000000        21.1057396825738     
   61.2000000000000        21.0544736553775     
   61.3000000000000        21.0275263626387     
   61.4000000000000        21.0463942764854     
   61.5000000000000        21.1105320137045     
   61.6000000000000        21.1747943696440     
   61.7000000000000        21.2872257339814     
   61.8000000000000        21.2845786686283     
   61.9000000000000        21.2456390114984     
   62.0000000000000        21.1783619944792     
   62.1000000000000        21.1667890276017     
   62.2000000000000        21.2106256817501     
   62.3000000000000        21.1817443635981     
   62.4000000000000        21.1624194446798     
   62.5000000000000        21.2044542888573     
   62.6000000000000        21.1833212784587     
   62.7000000000000        21.1220235358502     
   62.8000000000000        21.1501116176094     
   62.9000000000000        21.1419443024294     
   63.0000000000000        21.1726154603878     
   63.1000000000000        21.0780352223433     
   63.2000000000000        21.1396976135380     
   63.3000000000000        21.1364195521006     
   63.4000000000000        21.1866988707824     
   63.5000000000000        21.1495552156067     
   63.6000000000000        21.0691789317523     
   63.7000000000000        21.0793553309431     
   63.8000000000000        21.1325677129706     
   63.9000000000000        21.1743690131070     
   64.0000000000000        21.2499044349925     
   64.1000000000000        21.2087570014680     
   64.2000000000000        21.2900084991853     
   64.3000000000000        21.2280046940963     
   64.4000000000000        21.1894638007234     
   64.5000000000000        21.1293604145894     
   64.6000000000000        21.1023435243113     
   64.7000000000000        21.2064576244782     
   64.8000000000000        21.1513140511919     
   64.9000000000000        21.0740814983562     
   65.0000000000000        21.1410929456222     
   65.1000000000000        21.1911374699873     
   65.2000000000000        21.2853431789713     
   65.3000000000000        21.2912470076535     
   65.4000000000000        21.2807243725491     
   65.5000000000000        21.1794125868304     
   65.6000000000000        21.1088108858415     
   65.7000000000000        21.0895668247331     
   65.8000000000000        21.0794300251770     
   65.9000000000000        21.0580999243095     
   66.0000000000000        21.1179430435336     
   66.1000000000000        21.1217742162406     
   66.2000000000000        21.1606451074466     
   66.3000000000000        21.1563969486220     
   66.4000000000000        21.1296177993299     
   66.5000000000000        21.1375243790801     
   66.6000000000000        21.0829203046866     
   66.7000000000000        21.0825243606025     
   66.8000000000000        21.0720636028764     
   66.9000000000000        21.1685604653367     
   67.0000000000000        21.1714561811615     
   67.1000000000000        21.0904696953969     
   67.2000000000000        21.0612305305199     
   67.3000000000000        21.1123821014837     
   67.4000000000000        21.1774786515983     
   67.5000000000000        21.2029912366266     
   67.6000000000000        21.1863388057085     
   67.7000000000000        21.2102805937338     
   67.8000000000000        21.1788549695863     
   67.9000000000000        21.1271443982465     
   68.0000000000000        21.0650712169727     
   68.1000000000000        21.1077476947989     
   68.2000000000000        21.0949261069242     
   68.3000000000000        21.1724786353212     
   68.4000000000000        21.2404838614002     
   68.5000000000000        21.1634593843511     
   68.6000000000000        21.2206732439382     
   68.7000000000000        21.2048248561596     
   68.8000000000000        21.2317338809581     
   68.9000000000000        21.2407241230546     
   69.0000000000000        21.2574064101667     
   69.1000000000000        21.2442421752124     
   69.2000000000000        21.2337283563912     
   69.3000000000000        21.1556688281435     
   69.4000000000000        21.1236970614342     
   69.5000000000000        21.1345458483211     
   69.6000000000000        21.1001895518406     
   69.7000000000000        21.0082119335524     
   69.8000000000000        21.0742007625516     
   69.9000000000000        21.1057726812753     
   70.0000000000000        21.1087403207150     
   70.1000000000000        21.1187548719076     
   70.2000000000000        21.1026178863645     
   70.3000000000000        21.1144832381462     
   70.4000000000000        21.0440932724972     
   70.5000000000000        21.0657906074190     
   70.6000000000000        21.0648418787567     
   70.7000000000000        21.0717802159286     
   70.8000000000000        21.1284633169243     
   70.9000000000000        21.1494147765346     
   71.0000000000000        21.1823621097832     
   71.1000000000000        21.1901523835256     
   71.2000000000000        21.1935248493473     
   71.3000000000000        21.1863705578568     
   71.4000000000000        21.1996386305913     
   71.5000000000000        21.2171511707384     
   71.6000000000000        21.2158251002439     
   71.7000000000000        21.2212433743075     
   71.8000000000000        21.2339041405887     
   71.9000000000000        21.2511223437305     
   72.0000000000000        21.2497438221711     
   72.1000000000000        21.2773690862396     
   72.2000000000000        21.2985373386881     
   72.3000000000000        21.2818009632963     
   72.4000000000000        21.2955997133086     
   72.5000000000000        21.3010779356302     
   72.6000000000000        21.2772388287457     
   72.7000000000000        21.2748134887011     
   72.8000000000000        21.2656821021274     
   72.9000000000000        21.2519367234189     
   73.0000000000000        21.2397412908197     
   73.1000000000000        21.2282235548198     
   73.2000000000000        21.2139209633506     
   73.3000000000000        21.1987397551950     
   73.4000000000000        21.1893056503778     
   73.5000000000000        21.1835909662915     
   73.6000000000000        21.1815264104924     
   73.7000000000000        21.1850015201948     
   73.8000000000000        21.1864830397749     
   73.9000000000000        21.2022847061618     
   74.0000000000000        21.2160081395978     
   74.1000000000000        21.2327093064158     
   74.2000000000000        21.2635905038592     
   74.3000000000000        21.2875660782178     
   74.4000000000000        21.3057222581228     
   74.5000000000000        21.3226696600472     
   74.6000000000000        21.3319969316869     
   74.7000000000000        21.3305413169306     
   74.8000000000000        21.3503390039292     
   74.9000000000000        21.3445073650949     
   75.0000000000000        21.3359980847855     
   75.1000000000000        21.3336824589016     
   75.2000000000000        21.3214405093789     
   75.3000000000000        21.3088547239568     
   75.4000000000000        21.3055229764127     
   75.5000000000000        21.3060576366413     
   75.6000000000000        21.2670982924762     
   75.7000000000000        21.2593860655507     
   75.8000000000000        21.2477433298410     
   75.9000000000000        21.2526243681459     
   76.0000000000000        21.2410680978365     
   76.1000000000000        21.2190752893821     
   76.2000000000000        21.2139343119317     
   76.3000000000000        21.2107070850452     
   76.4000000000000        21.1791223708430     
   76.5000000000000        21.1381193856272     
   76.6000000000000        21.0955598832033     
   76.7000000000000        21.0776957897103     
   76.8000000000000        21.0701850748145     
   76.9000000000000        21.0656435407062     
   77.0000000000000        21.0901884748107     
   77.1000000000000        21.1240015084310     
   77.2000000000000        21.1147364388853     
   77.3000000000000        21.1073647182957     
   77.4000000000000        21.0502467550544     
   77.5000000000000        21.1035259084963     
   77.6000000000000        21.1045184651716     
   77.7000000000000        21.1330500212202     
   77.8000000000000        21.0845344302160     
   77.9000000000000        21.0714427209539     
   78.0000000000000        21.1294733801857     
   78.1000000000000        21.1649249718857     
   78.2000000000000        21.1927025109545     
   78.3000000000000        21.2136642056361     
   78.4000000000000        21.2475408278077     
   78.5000000000000        21.2851601353187     
   78.6000000000000        21.3076781933841     
   78.7000000000000        21.2804504607357     
   78.8000000000000        21.2444185712519     
   78.9000000000000        21.2049330279946     
   79.0000000000000        21.1684090966940     
   79.1000000000000        21.1838922630076     
   79.2000000000000        21.1651404859855     
   79.3000000000000        21.1333900372662     
   79.4000000000000        21.0745227903514     
   79.5000000000000        21.0303960417187     
   79.6000000000000        21.0130828055987     
   79.7000000000000        20.9952059014385     
   79.8000000000000        21.0366245289931     
   79.9000000000000        21.0824503343241     
   80.0000000000000        21.0800166371521     
   80.1000000000000        21.0817423378813     
   80.2000000000000        21.0922265789537     
   80.3000000000000        21.0866009444196     
   80.4000000000000        21.0869148833441     
   80.5000000000000        21.0883769370248     
   80.6000000000000        21.0933597784383     
   80.7000000000000        21.1191569768747     
   80.8000000000000        21.1092490204064     
   80.9000000000000        21.0894402954471     
   81.0000000000000        21.1150922533534     
   81.1000000000000        21.1298469910735     
   81.2000000000000        21.1448700314688     
   81.3000000000000        21.1497122155621     
   81.4000000000000        21.1613034713908     
   81.5000000000000        21.1508768118170     
   81.6000000000000        21.1319641069768     
   81.7000000000000        21.1704215188313     
   81.8000000000000        21.1482309093924     
   81.9000000000000        21.1309827551544     
   82.0000000000000        21.1284295161784     
   82.1000000000000        21.1522746423870     
   82.2000000000000        21.1523612065588     
   82.3000000000000        21.1445928822072     
   82.4000000000000        21.1422885347649     
   82.5000000000000        21.1873769731837     
   82.6000000000000        21.2308079107029     
   82.7000000000000        21.2338870447546     
   82.8000000000000        21.2129078950608     
   82.9000000000000        21.2059158790350     
   83.0000000000000        21.1746224388611     
   83.1000000000000        21.1405170991187     
   83.2000000000000        21.1607094973675     
   83.3000000000000        21.1254466953670     
   83.4000000000000        21.1348349551560     
   83.5000000000000        21.1539589155990     
   83.6000000000000        21.2059521115347     
   83.7000000000000        21.2279994990775     
   83.8000000000000        21.2855805202320     
   83.9000000000000        21.2535900512850     
   84.0000000000000        21.2864106661323     
   84.1000000000000        21.2664246579984     
   84.2000000000000        21.1708236520382     
   84.3000000000000        21.1194951469112     
   84.4000000000000        21.1118753867805     
   84.5000000000000        21.1390923150506     
   84.6000000000000        21.1180456030133     
   84.7000000000000        21.1337083768329     
   84.8000000000000        21.1307408593353     
   84.9000000000000        21.1364894856186     
   85.0000000000000        21.1326296741657     
   85.1000000000000        21.1241247791272     
   85.2000000000000        21.1023249245476     
   85.3000000000000        21.1576130252929     
   85.4000000000000        21.1652144961006     
   85.5000000000000        21.1470361292428     
   85.6000000000000        21.1412721125702     
   85.7000000000000        21.1795904685657     
   85.8000000000000        21.2027366202550     
   85.9000000000000        21.1648379127604     
   86.0000000000000        21.1614400007937     
   86.1000000000000        21.1928647626461     
   86.2000000000000        21.1888065457015     
   86.3000000000000        21.2035901238941     
   86.4000000000000        21.2262780392058     
   86.5000000000000        21.2589885951096     
   86.6000000000000        21.2520326231796     
   86.7000000000000        21.2143641730399     
   86.8000000000000        21.1959729685847     
   86.9000000000000        21.1699646011128     
   87.0000000000000        21.1568508528753     
   87.1000000000000        21.1361418492438     
   87.2000000000000        21.1385045726237     
   87.3000000000000        21.1462750522912     
   87.4000000000000        21.1741905881754     
   87.5000000000000        21.2007369773708     
   87.6000000000000        21.1665039762393     
   87.7000000000000        21.1174741850101     
   87.8000000000000        21.0962056274635     
   87.9000000000000        21.0783077996686     
   88.0000000000000        21.0613160325541     
   88.1000000000000        21.1130081373595     
   88.2000000000000        21.1408347799343     
   88.3000000000000        21.1850022953660     
   88.4000000000000        21.1748067842975     
   88.5000000000000        21.1943159238376     
   88.6000000000000        21.2197811759620     
   88.7000000000000        21.2120251467622     
   88.8000000000000        21.2229421598761     
   88.9000000000000        21.2643057646745     
   89.0000000000000        21.2682825397847     
   89.1000000000000        21.2436736021938     
   89.2000000000000        21.2473541745608     
   89.3000000000000        21.1843350619981     
   89.4000000000000        21.2246419686936     
   89.5000000000000        21.2161938170777     
   89.6000000000000        21.2223883085232     
   89.7000000000000        21.2100536440291     
   89.8000000000000        21.1990344395842     
   89.9000000000000        21.1981109298386     
   90.0000000000000        21.1600760408020     
   90.1000000000000        21.0720887688818     
   90.2000000000000        21.0995989447813     
   90.3000000000000        21.0587876453947     
   90.4000000000000        21.1086504283291     
   90.5000000000000        21.1485825626302     
   90.6000000000000        21.1565408785339     
   90.7000000000000        21.1301574493668     
   90.8000000000000        21.0415475084503     
   90.9000000000000        21.0521691881567     
   91.0000000000000        21.0611109663595     
   91.1000000000000        21.0657246987696     
   91.2000000000000        21.0851482931470     
   91.3000000000000        21.1431778827287     
   91.4000000000000        21.1428975518919     
   91.5000000000000        21.1069629067359     
   91.6000000000000        21.1018859453595     
   91.7000000000000        21.0965176008381     
   91.8000000000000        21.0958889299281     
   91.9000000000000        21.1120326867976     
   92.0000000000000        21.1169116206916     
   92.1000000000000        21.0856074040140     
   92.2000000000000        21.0935333129247     
   92.3000000000000        21.1055859599859     
   92.4000000000000        21.1278528923123     
   92.5000000000000        21.1287740630119     
   92.6000000000000        21.1214843193406     
   92.7000000000000        21.0910325676250     
   92.8000000000000        21.0268527145423     
   92.9000000000000        21.0125903322721     
   93.0000000000000        21.0369304603777     
   93.1000000000000        21.0736952809241     
   93.2000000000000        21.0549919804233     
   93.3000000000000        21.0495409841746     
   93.4000000000000        21.0186392269451     
   93.5000000000000        20.9749096633751     
   93.6000000000000        20.9949697118156     
   93.7000000000000        20.9901337263629     
   93.8000000000000        20.9762478569062     
   93.9000000000000        20.9826951045249     
   94.0000000000000        21.0013326741686     
   94.1000000000000        20.9894498114540     
   94.2000000000000        20.9990346954883     
   94.3000000000000        21.0106975175037     
   94.4000000000000        21.0092628483009     
   94.5000000000000        21.0356266417231     
   94.6000000000000        21.0218819039524     
   94.7000000000000        21.0718019427580     
   94.8000000000000        21.0753798748307     
   94.9000000000000        21.0396497013308     
   95.0000000000000        21.1114241088637     
   95.1000000000000        21.1024427233419     
   95.2000000000000        21.1267692919276     
   95.3000000000000        21.1391998332894     
   95.4000000000000        21.0973886742011     
   95.5000000000000        21.1135291272020     
   95.6000000000000        21.1614060292052     
   95.7000000000000        21.1090903152695     
   95.8000000000000        21.1060140589211     
   95.9000000000000        21.0711689052040     
   96.0000000000000        21.0480449000003     
   96.1000000000000        21.0782344051680     
   96.2000000000000        21.0034484973228     
   96.3000000000000        21.0040429402007     
   96.4000000000000        21.0274849092362     
   96.5000000000000        21.0023712465521     
   96.6000000000000        21.0192437855342     
   96.7000000000000        21.0186213663587     
   96.8000000000000        21.0085169304921     
   96.9000000000000        21.0105447750359     
   97.0000000000000        21.0346683043335     
   97.1000000000000        20.9987876221540     
   97.2000000000000        21.0524830346521     
   97.3000000000000        21.1129669904311     
   97.4000000000000        21.1078050580539     
   97.5000000000000        21.1223356660832     
   97.6000000000000        21.1253463285956     
   97.7000000000000        21.1214002119562     
   97.8000000000000        21.1357997676474     
   97.9000000000000        21.1797962927351     
   98.0000000000000        21.1649874525679     
   98.1000000000000        21.1768435897675     
   98.2000000000000        21.1608265206620     
   98.3000000000000        21.1445891203053     
   98.4000000000000        21.1148185019098     
   98.5000000000000        21.1210028568101     
   98.6000000000000        21.1290130317839     
   98.7000000000000        21.1207774969964     
   98.8000000000000        21.0556493761310     
   98.9000000000000        21.0617889166541     
   99.0000000000000        21.0823132746448     
   99.1000000000000        21.0336582331634     
   99.2000000000000        21.0123041578841     
   99.3000000000000        21.0148415657733     
   99.4000000000000        21.0115119275175     
   99.5000000000000        20.9874333237249     
   99.6000000000000        21.0534076798870     
   99.7000000000000        21.0347760640247     
   99.8000000000000        21.0447036993020     
   99.9000000000000        21.0467081205410     
   100.000000000000        21.0521541249908     
   100.100000000000        21.1050959045473     
   100.200000000000        21.0867194104219     
   100.300000000000        21.1043748680418     
   100.400000000000        21.1287263051873     
   100.500000000000        21.1029737533727     
   100.600000000000        21.1088572867056     
   100.700000000000        21.1403746610408     
   100.800000000000        21.0733694534140     
