   1.09975577447119        2.87324603174603     
   2.09971145982172        5.07505952380952     
   3.09992745023192        6.22291964285714     
   4.09950018929885        8.80235813492064     
   5.09710420558986        12.8803085317460     
   6.09873125902959        14.3328660714286     
   7.09831564902561        17.0851329365079     
   8.09797136706766        18.3199067460317     
   9.09570572500525        18.5676607142857     
   10.0999363488227        19.0152162698413     
   11.0990171227604        20.7255178571429     
   12.0979662177851        20.9023422619048     
   13.0987585655166        21.0322132936508     
   14.0959579218179        26.9433432539683     
   15.0978553355671        27.7735188492064     
   16.0999444211484        32.1491736111111     
   17.0953668467700        34.1521845238095     
   18.0986266359687        36.9094464285714     
   19.0996347848850        41.4359513888889     
   20.0994780887850        43.8355684523810     
   21.0733694508672        100.800000000000     
   21.0733694508672        100.800000000000     
   21.0733694508672        100.800000000000     
   21.0733694508672        100.800000000000     
   21.0733694508672        100.800000000000     
   21.0733694508672        100.800000000000     
   21.0733694508672        100.800000000000     
   21.0733694508672        100.800000000000     
   21.0733694508672        100.800000000000     
   21.0733694508672        100.800000000000     
   21.0733694508672        100.800000000000     
   21.0733694508672        100.800000000000     
   21.0733694508672        100.800000000000     
   21.0733694508672        100.800000000000     
   21.0733694508672        100.800000000000     
   21.0733694508672        100.800000000000     
   21.0733694508672        100.800000000000     
   21.0733694508672        100.800000000000     
   21.0733694508672        100.800000000000     
   21.0733694508672        100.800000000000     
   21.0733694508672        100.800000000000     
   21.0733694508672        100.800000000000     
   21.0733694508672        100.800000000000     
   21.0733694508672        100.800000000000     
   21.0733694508672        100.800000000000     
   21.0733694508672        100.800000000000     
   21.0733694508672        100.800000000000     
   21.0733694508672        100.800000000000     
   21.0733694508672        100.800000000000     
   21.0733694508672        100.800000000000     
