  0.900780408150119        1.55355654761905     
   1.90024943106033        2.36874702380952     
   2.90015513874380        3.72240277777778     
   3.90157284424095        6.75339285714286     
   4.90249559574659        7.81134226190476     
   5.90388750260900        10.1999702380952     
   6.90144600809435        10.3668045634921     
   7.90160991840821        11.7074732142857     
   8.90009695064509        13.9362599206349     
   9.90280442072253        14.8943085317460     
   10.9019953931493        15.5836240079365     
   11.9030178429093        15.7025059523810     
   12.9004322723194        16.6165982142857     
   13.9003307131352        20.3079325396825     
   14.9004537663895        22.3119424603175     
   15.9004606474191        45.7756418650794     
   16.9013604950160        52.3451180555556     
   16.9013604950160        52.3451180555556     
   16.9013604950160        52.3451180555556     
   16.9013604950160        52.3451180555556     
   16.9013604950160        52.3451180555556     
   16.9013604950160        52.3451180555556     
   16.9013604950160        52.3451180555556     
   16.9013604950160        52.3451180555556     
   16.9013604950160        52.3451180555556     
   16.9013604950160        52.3451180555556     
   16.9013604950160        52.3451180555556     
   16.9013604950160        52.3451180555556     
   16.9013604950160        52.3451180555556     
   16.9013604950160        52.3451180555556     
   16.9013604950160        52.3451180555556     
   16.9013604950160        52.3451180555556     
   16.9013604950160        52.3451180555556     
   16.9013604950160        52.3451180555556     
   16.9013604950160        52.3451180555556     
   16.9013604950160        52.3451180555556     
   16.9013604950160        52.3451180555556     
   16.9013604950160        52.3451180555556     
   16.9013604950160        52.3451180555556     
   16.9013604950160        52.3451180555556     
   16.9013604950160        52.3451180555556     
   16.9013604950160        52.3451180555556     
   16.9013604950160        52.3451180555556     
   16.9013604950160        52.3451180555556     
   16.9013604950160        52.3451180555556     
   16.9013604950160        52.3451180555556     
   16.9013604950160        52.3451180555556     
   16.9013604950160        52.3451180555556     
   16.9013604950160        52.3451180555556     
   16.9013604950160        52.3451180555556     
