  0.100000000000000       2.505036138014671E-005
  0.200000000000000       3.286234431904012E-004
  0.300000000000000       1.921678084846501E-003
  0.400000000000000       7.034274356654546E-003
  0.500000000000000       1.882760561686236E-002
  0.600000000000000       4.160736255014363E-002
  0.700000000000000       7.875834963602379E-002
  0.800000000000000       0.135202955783967     
  0.900000000000000       0.212222662631991     
   1.00000000000000       0.303488982079017     
   1.10000000000000       0.407064838608648     
   1.20000000000000       0.514031035001409     
   1.30000000000000       0.624380689051719     
   1.40000000000000       0.737788724818529     
   1.50000000000000       0.842166193580226     
   1.60000000000000       0.951910010269557     
   1.70000000000000        1.05997074139742     
   1.80000000000000        1.18419726526349     
   1.90000000000000        1.31933869679506     
   2.00000000000000        1.45602115734317     
   2.10000000000000        1.58992889329613     
   2.20000000000000        1.75615650848022     
   2.30000000000000        1.82782849393550     
   2.40000000000000        1.93215159245358     
   2.50000000000000        2.00047161564214     
   2.60000000000000        2.08362541458405     
   2.70000000000000        2.09190729292561     
   2.80000000000000        2.18384497955935     
   2.90000000000000        2.21228292109322     
   3.00000000000000        2.27893479889156     
   3.10000000000000        2.35139714195668     
   3.20000000000000        2.48574225325615     
   3.30000000000000        2.52640295345623     
   3.40000000000000        2.66482133984061     
   3.50000000000000        2.73423595282873     
   3.60000000000000        2.82953575672400     
   3.70000000000000        2.89030339500437     
   3.80000000000000        2.91940063629545     
   3.90000000000000        2.89290137581531     
   4.00000000000000        2.85240094761389     
   4.10000000000000        2.79761509698062     
   4.20000000000000        2.75134687101934     
   4.30000000000000        2.75170089910853     
   4.40000000000000        2.77342359554302     
   4.50000000000000        2.79200117630410     
   4.60000000000000        2.84055944262116     
   4.70000000000000        2.84148520020591     
   4.80000000000000        2.83167904217373     
   4.90000000000000        2.76555518335852     
   5.00000000000000        2.64989275943435     
   5.10000000000000        2.51878209294205     
   5.20000000000000        2.42973216904682     
   5.30000000000000        2.29698712984856     
   5.40000000000000        2.28861008907265     
   5.50000000000000        2.32001517044147     
   5.60000000000000        2.40426400093162     
   5.70000000000000        2.50071458420476     
   5.80000000000000        2.57776214090245     
   5.90000000000000        2.60679686832088     
   6.00000000000000        2.61861411340328     
   6.10000000000000        2.55157749534226     
   6.20000000000000        2.58452064617643     
   6.30000000000000        2.65371198836226     
   6.40000000000000        2.80024746170602     
   6.50000000000000        3.04786590378501     
   6.60000000000000        3.35281518867271     
   6.70000000000000        3.70335968119605     
   6.80000000000000        4.05703821372379     
   6.90000000000000        4.29277594302766     
   7.00000000000000        4.45305600293273     
   7.10000000000000        4.46962836875400     
   7.20000000000000        4.46138995135857     
   7.30000000000000        4.32067783555635     
   7.40000000000000        4.26133545687844     
   7.50000000000000        4.28577947620067     
   7.60000000000000        4.36599027541854     
   7.70000000000000        4.55475397020950     
   7.80000000000000        4.85978348666458     
   7.90000000000000        5.24044672427851     
   8.00000000000000        5.51122459228395     
   8.10000000000000        5.71799927934467     
   8.20000000000000        5.69107396334323     
   8.30000000000000        5.55782665036566     
   8.40000000000000        5.27047267011017     
   8.50000000000000        4.94028065097268     
   8.60000000000000        4.67576079280298     
   8.70000000000000        4.59090527038995     
   8.80000000000000        4.66957722577860     
   8.90000000000000        4.94144367470119     
   9.00000000000000        5.28256140780434     
   9.10000000000000        5.59810155573234     
   9.20000000000000        5.77511788358083     
   9.30000000000000        5.82357323887322     
   9.40000000000000        5.49831847226881     
   9.50000000000000        5.00079183013167     
   9.60000000000000        4.41240390417011     
   9.70000000000000        3.99183524763600     
   9.80000000000000        3.79431690653337     
   9.90000000000000        3.95089591490705     
   10.0000000000000        4.44095879174506     
   10.1000000000000        5.13527618892226     
   10.2000000000000        5.90409857909435     
   10.3000000000000        6.53168809667136     
   10.4000000000000        7.04731018999701     
   10.5000000000000        7.22101751132413     
   10.6000000000000        6.99929101148132     
   10.7000000000000        6.50154519622811     
   10.8000000000000        5.87058421627557     
   10.9000000000000        5.24321588083353     
   11.0000000000000        4.66799265320776     
   11.1000000000000        4.32773216483349     
   11.2000000000000        4.34751777905041     
   11.3000000000000        4.77714762017501     
   11.4000000000000        5.57106708129402     
   11.5000000000000        6.49425682500225     
   11.6000000000000        7.36171491297262     
   11.7000000000000        7.87489736032330     
   11.8000000000000        8.06498584712358     
   11.9000000000000        7.75078982299715     
   12.0000000000000        7.15047269363481     
   12.1000000000000        6.45841209036814     
   12.2000000000000        5.99354499518734     
   12.3000000000000        5.76355172034744     
   12.4000000000000        5.93942421393989     
   12.5000000000000        6.37652671456459     
   12.6000000000000        6.94530638933782     
   12.7000000000000        7.46877198669745     
   12.8000000000000        7.90820591645297     
   12.9000000000000        8.06002193333779     
   13.0000000000000        7.74713617137729     
   13.1000000000000        7.17379290215558     
   13.2000000000000        6.57784102285018     
   13.3000000000000        5.91081576757290     
   13.4000000000000        5.44121341984436     
   13.5000000000000        5.33338437702002     
   13.6000000000000        5.72499359707149     
   13.7000000000000        6.55525982008716     
   13.8000000000000        7.53931397068482     
   13.9000000000000        8.55017547330954     
   14.0000000000000        9.39563702267561     
   14.1000000000000        9.63857953725055     
   14.2000000000000        9.33034141325422     
   14.3000000000000        8.75505434436406     
   14.4000000000000        8.13426989335704     
   14.5000000000000        7.78901967818581     
   14.6000000000000        7.99142301534656     
   14.7000000000000        8.66852305368363     
   14.8000000000000        9.38816335838152     
   14.9000000000000        9.92584565950199     
   15.0000000000000        10.1417920805875     
   15.1000000000000        10.0489123724359     
   15.2000000000000        9.91803286866985     
   15.3000000000000        9.68160810252020     
   15.4000000000000        9.61930414917327     
   15.5000000000000        10.1933444504095     
   15.6000000000000        11.0511993370110     
   15.7000000000000        11.8875933204563     
   15.8000000000000        12.2444902245952     
   15.9000000000000        12.2951563173051     
   16.0000000000000        12.1439504593769     
   16.1000000000000        11.7999351305867     
   16.2000000000000        11.2078630560989     
   16.3000000000000        10.9350027672714     
   16.4000000000000        11.2338198214033     
   16.5000000000000        11.9767999510832     
   16.6000000000000        12.7937973266903     
   16.7000000000000        13.2620178660845     
   16.8000000000000        13.3524341912449     
   16.9000000000000        13.1149161877181     
   17.0000000000000        12.8647756078092     
   17.1000000000000        12.6968603089229     
   17.2000000000000        12.4776046427575     
   17.3000000000000        12.3911494911225     
   17.4000000000000        12.4653235948394     
   17.5000000000000        12.4410866397570     
   17.6000000000000        12.4851641704639     
   17.7000000000000        12.6145129629140     
   17.8000000000000        12.9646112843713     
   17.9000000000000        13.3909159830081     
   18.0000000000000        13.6569866355579     
   18.1000000000000        13.7238229192131     
   18.2000000000000        13.6944594430457     
   18.3000000000000        13.7131894037131     
   18.4000000000000        13.6537577537273     
   18.5000000000000        13.5867928525840     
   18.6000000000000        13.5847046674439     
   18.7000000000000        13.2147324881573     
   18.8000000000000        12.7753084393053     
   18.9000000000000        12.6223368350715     
   19.0000000000000        12.7738795410343     
   19.1000000000000        12.9339315893832     
   19.2000000000000        12.9450385468681     
   19.3000000000000        12.6522716405432     
   19.4000000000000        12.0670350199750     
   19.5000000000000        11.7262257325112     
   19.6000000000000        12.0200676367630     
   19.7000000000000        12.7720798379958     
   19.8000000000000        13.4670233176656     
   19.9000000000000        13.6830638537797     
   20.0000000000000        13.5391279145978     
   20.1000000000000        13.4041709100329     
   20.2000000000000        13.6191856273950     
   20.3000000000000        13.8836299816411     
   20.4000000000000        14.0285643237954     
   20.5000000000000        13.9803611248668     
   20.6000000000000        13.6529894409947     
   20.7000000000000        13.3052875775573     
   20.8000000000000        13.1443494608457     
   20.9000000000000        13.3174946651014     
   21.0000000000000        13.6987635221602     
   21.1000000000000        13.8823476492157     
   21.2000000000000        14.2190449758782     
   21.3000000000000        14.2652362814476     
   21.4000000000000        14.3301895873433     
   21.5000000000000        14.2578194070187     
   21.6000000000000        14.3405575310309     
   21.7000000000000        14.5849323027369     
   21.8000000000000        14.7182580541388     
   21.9000000000000        14.8411363237798     
   22.0000000000000        14.7540189127594     
   22.1000000000000        14.6647428897224     
   22.2000000000000        14.6907276690205     
   22.3000000000000        14.8745785686316     
   22.4000000000000        15.0856140662488     
   22.5000000000000        15.2393300474565     
   22.6000000000000        15.1922274992798     
   22.7000000000000        14.8775541011209     
   22.8000000000000        14.2812089846717     
   22.9000000000000        13.9719643920020     
   23.0000000000000        13.6081956149915     
   23.1000000000000        13.5130661763581     
   23.2000000000000        13.4374068475933     
   23.3000000000000        13.4217540470352     
   23.4000000000000        13.4893379729025     
   23.5000000000000        13.6227583674930     
   23.6000000000000        13.5050008179871     
   23.7000000000000        13.3926888091239     
   23.8000000000000        13.4870552567957     
   23.9000000000000        13.4959211775122     
   24.0000000000000        13.6128817163425     
   24.1000000000000        13.8028831550182     
   24.2000000000000        13.8593458523058     
   24.3000000000000        13.9233474722753     
   24.4000000000000        13.9011673562962     
   24.5000000000000        14.1063770025062     
   24.6000000000000        14.0954377316540     
   24.7000000000000        13.9580569541394     
   24.8000000000000        14.1273511292898     
   24.9000000000000        14.0110072605293     
   25.0000000000000        13.8813274369191     
   25.1000000000000        13.7629796765212     
   25.2000000000000        13.7573891548319     
   25.3000000000000        13.6926528948293     
   25.4000000000000        13.6476353270741     
   25.5000000000000        13.6414649364988     
   25.6000000000000        13.7472418231229     
   25.7000000000000        13.7182034961137     
   25.8000000000000        13.6800949387309     
   25.9000000000000        13.5655833548146     
   26.0000000000000        13.6659518861590     
   26.1000000000000        13.7093747594903     
   26.2000000000000        13.7260345117392     
   26.3000000000000        13.9188461712991     
   26.4000000000000        13.9019964068629     
   26.5000000000000        13.9202949904058     
   26.6000000000000        13.8570698551643     
   26.7000000000000        13.9510191616950     
   26.8000000000000        13.9786738679623     
   26.9000000000000        13.9783545100391     
   27.0000000000000        13.8145417970733     
   27.1000000000000        14.0165366567134     
   27.2000000000000        14.0100949325420     
   27.3000000000000        13.7800403794276     
   27.4000000000000        13.5718275347720     
   27.5000000000000        13.7522855881664     
   27.6000000000000        13.8191304518993     
   27.7000000000000        13.7742374181046     
   27.8000000000000        13.7238903912512     
   27.9000000000000        13.7914611968247     
   28.0000000000000        13.8740750692254     
   28.1000000000000        14.0927369855798     
   28.2000000000000        13.9442007000448     
   28.3000000000000        14.0014423872036     
   28.4000000000000        14.1667931308969     
   28.5000000000000        13.8868156078280     
   28.6000000000000        14.0357667097137     
   28.7000000000000        14.0257190894736     
   28.8000000000000        13.9189565051548     
   28.9000000000000        14.0657750002777     
   29.0000000000000        14.0575390334859     
   29.1000000000000        13.9881571668201     
   29.2000000000000        14.0218880954907     
   29.3000000000000        13.8721218844777     
   29.4000000000000        14.0343105686820     
   29.5000000000000        14.1421302112589     
   29.6000000000000        14.2535118615694     
   29.7000000000000        14.1817184479846     
   29.8000000000000        14.0224726221023     
   29.9000000000000        14.0059066641126     
   30.0000000000000        14.0587285769321     
   30.1000000000000        14.1622014531688     
   30.2000000000000        14.3264267945678     
   30.3000000000000        14.2360446353619     
   30.4000000000000        14.1223181853506     
   30.5000000000000        13.9938268746999     
   30.6000000000000        13.9718892177867     
   30.7000000000000        13.8663460370131     
   30.8000000000000        14.0002987750582     
   30.9000000000000        14.1966731718931     
   31.0000000000000        14.3519701579535     
   31.1000000000000        14.3997150202041     
   31.2000000000000        14.2303871628594     
   31.3000000000000        13.9992506756648     
   31.4000000000000        13.9724805890282     
   31.5000000000000        13.9029269934604     
   31.6000000000000        13.9831338289949     
   31.7000000000000        14.1664952489862     
   31.8000000000000        14.3645418739956     
   31.9000000000000        14.4411761164041     
   32.0000000000000        14.4406157512747     
   32.1000000000000        14.2860982769782     
   32.2000000000000        14.1561030944381     
   32.3000000000000        14.1000575462267     
   32.4000000000000        14.0728129997774     
   32.5000000000000        14.1048719095586     
   32.6000000000000        14.2299105362999     
   32.7000000000000        14.2533657731286     
   32.8000000000000        14.2856835041386     
   32.9000000000000        14.3738642288304     
   33.0000000000000        14.4331668062768     
   33.1000000000000        14.2665038270428     
   33.2000000000000        14.2337360003994     
   33.3000000000000        14.2354628633626     
   33.4000000000000        14.2878233198870     
   33.5000000000000        14.2781625615747     
   33.6000000000000        14.2895828387130     
   33.7000000000000        14.3223893459696     
   33.8000000000000        14.2378764382976     
   33.9000000000000        14.2512296734614     
   34.0000000000000        14.3335664603092     
   34.1000000000000        14.5093489316186     
   34.2000000000000        14.5236984224491     
   34.3000000000000        14.4525212219801     
   34.4000000000000        14.4418851405179     
   34.5000000000000        14.4369315308832     
   34.6000000000000        14.2850638941550     
   34.7000000000000        14.3542200602699     
   34.8000000000000        14.3513958620898     
   34.9000000000000        14.4384262977877     
   35.0000000000000        14.6157471866314     
   35.1000000000000        14.7270322642786     
   35.2000000000000        14.6608665486029     
   35.3000000000000        14.5765953693289     
   35.4000000000000        14.4759280708587     
   35.5000000000000        14.4858434079767     
   35.6000000000000        14.3632302679545     
   35.7000000000000        14.3833865843851     
   35.8000000000000        14.4587384622070     
   35.9000000000000        14.6000066606516     
   36.0000000000000        14.8265982167274     
   36.1000000000000        14.7304155743477     
   36.2000000000000        14.6883199394915     
   36.3000000000000        14.6746124787321     
   36.4000000000000        14.5501196292249     
   36.5000000000000        14.6097411989021     
   36.6000000000000        14.5631146927791     
   36.7000000000000        14.6034372232154     
   36.8000000000000        14.7299481669409     
   36.9000000000000        14.8979073740361     
   37.0000000000000        14.8061604272880     
   37.1000000000000        14.7572670377158     
   37.2000000000000        14.7816308484020     
   37.3000000000000        14.8186683937068     
   37.4000000000000        14.8308634007663     
   37.5000000000000        14.9250742574184     
   37.6000000000000        15.0171760407434     
   37.7000000000000        15.0143453695646     
   37.8000000000000        14.9113050581982     
   37.9000000000000        14.8487556140466     
   38.0000000000000        14.8479701016504     
   38.1000000000000        14.8556292025406     
   38.2000000000000        14.9909506106550     
   38.3000000000000        15.1753689983423     
   38.4000000000000        15.4016746318127     
   38.5000000000000        15.2405437561213     
   38.6000000000000        15.1374075750406     
   38.7000000000000        15.0775043717106     
   38.8000000000000        15.0585522264400     
   38.9000000000000        15.0262933359381     
   39.0000000000000        15.0042317224527     
   39.1000000000000        15.0090583967704     
   39.2000000000000        15.0534632513734     
   39.3000000000000        15.1891301390347     
   39.4000000000000        15.2682946674731     
   39.5000000000000        15.0847594051225     
   39.6000000000000        15.0540713858796     
   39.7000000000000        15.1957558049017     
   39.8000000000000        15.2405711079834     
   39.9000000000000        15.3088564573924     
   40.0000000000000        15.3878750405034     
   40.1000000000000        15.3918775032486     
   40.2000000000000        15.4529103736056     
   40.3000000000000        15.3567459897692     
   40.4000000000000        15.1936651276532     
   40.5000000000000        15.1236379615949     
   40.6000000000000        15.1135711286671     
   40.7000000000000        15.1870527647010     
   40.8000000000000        15.4129179476165     
   40.9000000000000        15.3605123054110     
   41.0000000000000        15.2658708713581     
   41.1000000000000        15.2894925915432     
   41.2000000000000        15.2050299543060     
   41.3000000000000        15.2583064679964     
   41.4000000000000        15.2569546997554     
   41.5000000000000        15.3761332609273     
   41.6000000000000        15.5061842142552     
   41.7000000000000        15.5038745635309     
   41.8000000000000        15.3495105910726     
   41.9000000000000        15.2514475854895     
   42.0000000000000        15.1663477013010     
   42.1000000000000        15.2428604154904     
   42.2000000000000        15.4215852261567     
   42.3000000000000        15.5500745883745     
   42.4000000000000        15.3683860092598     
   42.5000000000000        15.3309862066479     
   42.6000000000000        15.3217735290192     
   42.7000000000000        15.3787888267799     
   42.8000000000000        15.5118948776218     
   42.9000000000000        15.6500628458058     
   43.0000000000000        15.6497442096986     
   43.1000000000000        15.5323282356697     
   43.2000000000000        15.4130555117281     
   43.3000000000000        15.3631476783636     
   43.4000000000000        15.3882792310307     
   43.5000000000000        15.5130998261155     
   43.6000000000000        15.5861091874288     
   43.7000000000000        15.3853887098348     
   43.8000000000000        15.4392226513402     
   43.9000000000000        15.5902928969487     
   44.0000000000000        15.7232116814626     
   44.1000000000000        15.6415383415973     
   44.2000000000000        15.4934317608959     
   44.3000000000000        15.4673765969096     
   44.4000000000000        15.4611250321193     
   44.5000000000000        15.4357174106834     
   44.6000000000000        15.4873980690175     
   44.7000000000000        15.5766649322134     
   44.8000000000000        15.7744946264195     
   44.9000000000000        15.5982616873473     
   45.0000000000000        15.5069823960332     
   45.1000000000000        15.4818553360063     
   45.2000000000000        15.6719616721337     
   45.3000000000000        15.7476292909730     
   45.4000000000000        15.6000577432308     
   45.5000000000000        15.5128577520330     
   45.6000000000000        15.5792397343965     
   45.7000000000000        15.7731822416156     
   45.8000000000000        15.9216337499524     
   45.9000000000000        15.9054396536962     
   46.0000000000000        15.8525918653733     
   46.1000000000000        15.7638610096174     
   46.2000000000000        15.7511940433026     
   46.3000000000000        15.6482382344191     
   46.4000000000000        15.7135885173781     
   46.5000000000000        15.7799029225695     
   46.6000000000000        15.9355194014557     
   46.7000000000000        15.8609420348770     
   46.8000000000000        15.6866446736230     
   46.9000000000000        15.6224544713180     
   47.0000000000000        15.6966313256007     
   47.1000000000000        15.8538027780399     
   47.2000000000000        15.9950472306986     
   47.3000000000000        15.7877798388231     
   47.4000000000000        15.7798496073328     
   47.5000000000000        15.7876144695996     
   47.6000000000000        15.8217570563377     
   47.7000000000000        16.0323339936016     
   47.8000000000000        16.1414654765457     
   47.9000000000000        16.0122035848809     
   48.0000000000000        15.9378466583802     
   48.1000000000000        15.9227828544065     
   48.2000000000000        15.9161766791381     
   48.3000000000000        15.9930334398066     
   48.4000000000000        16.0414182806879     
   48.5000000000000        16.1965094708582     
   48.6000000000000        16.2466226030117     
   48.7000000000000        16.0434157241034     
   48.8000000000000        15.9505844316155     
   48.9000000000000        15.8535002691889     
   49.0000000000000        15.9491488299585     
   49.1000000000000        16.0733777185069     
   49.2000000000000        16.2199684695221     
   49.3000000000000        16.1018360706856     
   49.4000000000000        15.9661050617955     
   49.5000000000000        15.8795177875006     
   49.6000000000000        15.9563474879244     
   49.7000000000000        16.0253806050425     
   49.8000000000000        16.2138757221319     
   49.9000000000000        16.1165674956746     
   50.0000000000000        15.9972421011438     
   50.1000000000000        16.0306933004763     
   50.2000000000000        16.1794242708840     
   50.3000000000000        16.3744270820456     
   50.4000000000000        16.1949192360705     
   50.5000000000000        16.1844086418891     
   50.6000000000000        16.1638955253950     
   50.7000000000000        16.2966118308511     
   50.8000000000000        16.4354013573858     
   50.9000000000000        16.6056025431675     
   51.0000000000000        16.5813703854995     
   51.1000000000000        16.4818575042766     
   51.2000000000000        16.4568139513393     
   51.3000000000000        16.3987561434419     
   51.4000000000000        16.5034153688781     
   51.5000000000000        16.5608339332895     
   51.6000000000000        16.7489972044859     
   51.7000000000000        16.8338853731455     
   51.8000000000000        16.6192239602076     
   51.9000000000000        16.6128833207001     
   52.0000000000000        16.5427464371700     
   52.1000000000000        16.6313973208947     
   52.2000000000000        16.6847673785995     
   52.3000000000000        16.8222524178722     
   52.4000000000000        16.9535029403042     
   52.5000000000000        16.8444145678643     
   52.6000000000000        16.7263691992483     
   52.7000000000000        16.7024857723944     
   52.8000000000000        16.6332975062731     
   52.9000000000000        16.7442807051216     
   53.0000000000000        16.8063506274215     
   53.1000000000000        16.9409794319526     
   53.2000000000000        17.0201090374163     
   53.3000000000000        16.9120904412265     
   53.4000000000000        16.7640076178195     
   53.5000000000000        16.7162567254426     
   53.6000000000000        16.8064038641129     
   53.7000000000000        16.8813184341194     
   53.8000000000000        17.0514869592233     
   53.9000000000000        17.0363645793061     
   54.0000000000000        16.8908116532245     
   54.1000000000000        16.8799571569612     
   54.2000000000000        16.8165954769123     
   54.3000000000000        16.8949567693101     
   54.4000000000000        17.0166284538309     
   54.5000000000000        17.1938289833334     
   54.6000000000000        17.0675062788342     
   54.7000000000000        16.9718756038662     
   54.8000000000000        16.9415099503931     
   54.9000000000000        16.9547511195981     
   55.0000000000000        16.9705673913368     
   55.1000000000000        17.1286955993903     
   55.2000000000000        17.2534984453325     
   55.3000000000000        17.1006042169501     
   55.4000000000000        17.0203508491225     
   55.5000000000000        16.9264036149258     
   55.6000000000000        17.0174280638593     
   55.7000000000000        17.0790740269185     
   55.8000000000000        17.2230143474875     
   55.9000000000000        17.3594911411528     
   56.0000000000000        17.2649131813702     
   56.1000000000000        17.1408620521694     
   56.2000000000000        17.0880671623917     
   56.3000000000000        17.1375741758290     
   56.4000000000000        17.1899018238164     
   56.5000000000000        17.3390446696507     
   56.6000000000000        17.4636174769010     
   56.7000000000000        17.3612011405871     
   56.8000000000000        17.2223719899808     
   56.9000000000000        17.1986465472747     
   57.0000000000000        17.1244193332357     
   57.1000000000000        17.2065484835486     
   57.2000000000000        17.2899255677036     
   57.3000000000000        17.4669965754049     
   57.4000000000000        17.4383223180822     
   57.5000000000000        17.2762765221943     
   57.6000000000000        17.2696099355111     
   57.7000000000000        17.1726878886028     
   57.8000000000000        17.2614053662288     
   57.9000000000000        17.3642955053773     
   58.0000000000000        17.5437249132110     
   58.1000000000000        17.4133989458891     
   58.2000000000000        17.2798671184615     
   58.3000000000000        17.1750333133082     
   58.4000000000000        17.2726627817249     
   58.5000000000000        17.3490132957251     
   58.6000000000000        17.5627198240473     
   58.7000000000000        17.3866668337466     
   58.8000000000000        17.2865783010568     
   58.9000000000000        17.2304871867032     
   59.0000000000000        17.3007016862008     
   59.1000000000000        17.4492701791969     
   59.2000000000000        17.4838685954034     
   59.3000000000000        17.3376219215690     
   59.4000000000000        17.2455735833397     
   59.5000000000000        17.2608635406218     
   59.6000000000000        17.3429385790184     
   59.7000000000000        17.3306165864163     
   59.8000000000000        17.3011022689296     
   59.9000000000000        17.2672410940596     
   60.0000000000000        17.2110784423454     
   60.1000000000000        17.2007331725816     
   60.2000000000000        17.2084804436033     
   60.3000000000000        17.1326787520609     
   60.4000000000000        17.0902393710328     
   60.5000000000000        17.1272070954154     
   60.6000000000000        17.1120462019876     
   60.7000000000000        17.0736188866477     
   60.8000000000000        17.0229879680848     
   60.9000000000000        16.9355325288537     
   61.0000000000000        16.8558036452187     
   61.1000000000000        16.9120152212534     
   61.2000000000000        16.9275400111943     
   61.3000000000000        16.9182910014897     
   61.4000000000000        16.8716633197491     
   61.5000000000000        16.8226949028433     
   61.6000000000000        16.7448042782036     
   61.7000000000000        16.7640277296104     
   61.8000000000000        16.7914153837678     
   61.9000000000000        16.8292058335785     
   62.0000000000000        16.8091787793934     
   62.1000000000000        16.7297712210392     
   62.2000000000000        16.6831722821184     
   62.3000000000000        16.7039856240712     
   62.4000000000000        16.7815176767523     
   62.5000000000000        16.8056468994141     
   62.6000000000000        16.7577937970627     
   62.7000000000000        16.7058228962759     
   62.8000000000000        16.7121730904908     
   62.9000000000000        16.7561436932928     
   63.0000000000000        16.8408860910860     
   63.1000000000000        16.8768789418338     
   63.2000000000000        16.8221079825772     
   63.3000000000000        16.8629489635791     
   63.4000000000000        16.8776314726832     
   63.5000000000000        16.8881205932692     
   63.6000000000000        16.9943397500646     
   63.7000000000000        16.9939666649873     
   63.8000000000000        17.0379374724083     
   63.9000000000000        17.0302403229823     
   64.0000000000000        17.0824935156115     
   64.1000000000000        17.0902806956020     
   64.2000000000000        17.0838068430812     
   64.3000000000000        17.0894581305746     
   64.4000000000000        17.1541048473410     
   64.5000000000000        17.2146874886635     
   64.6000000000000        17.2320572222399     
   64.7000000000000        17.2004640114789     
   64.8000000000000        17.1941601396548     
   64.9000000000000        17.1812695456887     
   65.0000000000000        17.2474779607665     
   65.1000000000000        17.3022658668228     
   65.2000000000000        17.3120021583790     
   65.3000000000000        17.2412593722330     
   65.4000000000000        17.1975652090868     
   65.5000000000000        17.2131512404931     
   65.6000000000000        17.2421088285467     
   65.7000000000000        17.2690563550284     
   65.8000000000000        17.2148931685909     
   65.9000000000000        17.1849621962432     
   66.0000000000000        17.2219537695189     
   66.1000000000000        17.1719134011898     
   66.2000000000000        17.1721788057128     
   66.3000000000000        17.1611626468798     
   66.4000000000000        17.1418015241556     
   66.5000000000000        17.1472816020988     
   66.6000000000000        17.1130659966480     
   66.7000000000000        17.1050823623555     
   66.8000000000000        17.0712853630865     
   66.9000000000000        17.0425956796277     
   67.0000000000000        17.0222153791811     
   67.1000000000000        17.0439243213372     
   67.2000000000000        17.0063116872472     
   67.3000000000000        17.0220916084033     
   67.4000000000000        16.9738908068322     
   67.5000000000000        16.9893593837322     
   67.6000000000000        17.0008616804144     
   67.7000000000000        16.9518954719650     
   67.8000000000000        16.9675311991882     
   67.9000000000000        16.9718554999583     
   68.0000000000000        16.9432233586956     
   68.1000000000000        16.8855006609548     
   68.2000000000000        16.9131236661632     
   68.3000000000000        16.9154340090891     
   68.4000000000000        16.9145716156048     
   68.5000000000000        16.9096698213605     
   68.6000000000000        16.9217899408936     
   68.7000000000000        16.9104599926649     
   68.8000000000000        16.9428349308512     
   68.9000000000000        16.9210889470750     
   69.0000000000000        16.9314699913873     
   69.1000000000000        16.9440491471556     
   69.2000000000000        16.9191735326630     
   69.3000000000000        16.9587068428150     
   69.4000000000000        16.9410240712244     
   69.5000000000000        16.9736804623995     
   69.6000000000000        17.0212983918501     
   69.7000000000000        17.0077785388281     
   69.8000000000000        17.0194713823864     
   69.9000000000000        17.0640561744244     
   70.0000000000000        17.0766625974328     
   70.1000000000000        17.1077754987298     
   70.2000000000000        17.1223618991059     
   70.3000000000000        17.1232365947255     
   70.4000000000000        17.1519247228398     
   70.5000000000000        17.1446570752932     
   70.6000000000000        17.1478034765901     
   70.7000000000000        17.1724185140094     
   70.8000000000000        17.1798731311709     
   70.9000000000000        17.1912707977656     
   71.0000000000000        17.1971147285744     
   71.1000000000000        17.2012998879412     
   71.2000000000000        17.2098510663183     
   71.3000000000000        17.1747615823303     
   71.4000000000000        17.1701106185255     
   71.5000000000000        17.1970262285100     
   71.6000000000000        17.1956829784651     
   71.7000000000000        17.2310733549390     
   71.8000000000000        17.2281116318209     
   71.9000000000000        17.1922469954015     
   72.0000000000000        17.1616329409855     
   72.1000000000000        17.1665132531502     
   72.2000000000000        17.2056988147761     
   72.3000000000000        17.1781011169184     
   72.4000000000000        17.2181499399948     
   72.5000000000000        17.1811429197158     
   72.6000000000000        17.1338493857203     
   72.7000000000000        17.1287413589586     
   72.8000000000000        17.1079230785920     
   72.9000000000000        17.1178312673493     
   73.0000000000000        17.0863605212046     
   73.1000000000000        17.1280789463792     
   73.2000000000000        17.0741235655022     
   73.3000000000000        17.0774818773154     
   73.4000000000000        17.0215429129800     
   73.5000000000000        17.0931182516976     
   73.6000000000000        17.0638860964400     
   73.7000000000000        17.0754515980723     
   73.8000000000000        17.0512448222636     
   73.9000000000000        17.0640064295758     
   74.0000000000000        17.0406501664982     
   74.1000000000000        17.0422906684413     
   74.2000000000000        17.0810312431376     
   74.3000000000000        16.9985526602321     
   74.4000000000000        17.0681846182349     
   74.5000000000000        17.0070482659789     
   74.6000000000000        17.0490478989215     
   74.7000000000000        17.1146988834399     
   74.8000000000000        17.1083074767644     
   74.9000000000000        17.1174236166758     
   75.0000000000000        17.1062763909971     
   75.1000000000000        17.0510386985617     
   75.2000000000000        17.1147699731162     
   75.3000000000000        17.1345080535853     
   75.4000000000000        17.1906188797051     
   75.5000000000000        17.2013589266024     
   75.6000000000000        17.1556884292855     
   75.7000000000000        17.1524056374267     
   75.8000000000000        17.1592895191766     
   75.9000000000000        17.1761095716014     
   76.0000000000000        17.1604488653960     
   76.1000000000000        17.1860125474130     
   76.2000000000000        17.1802434169729     
   76.3000000000000        17.1588162625840     
   76.4000000000000        17.1785593517418     
   76.5000000000000        17.2320606990185     
   76.6000000000000        17.1653341645334     
   76.7000000000000        17.1875715675315     
   76.8000000000000        17.1868291238525     
   76.9000000000000        17.1497811019284     
   77.0000000000000        17.1728667775145     
   77.1000000000000        17.1669704725551     
   77.2000000000000        17.1881545063101     
   77.3000000000000        17.2048903755930     
   77.4000000000000        17.1697871439900     
   77.5000000000000        17.1928353730263     
   77.6000000000000        17.1686021950493     
   77.7000000000000        17.1859759503650     
   77.8000000000000        17.1827400308942     
   77.9000000000000        17.1539294467962     
   78.0000000000000        17.1680885497405     
   78.1000000000000        17.1339540061477     
   78.2000000000000        17.1238857294796     
   78.3000000000000        17.1280396177561     
   78.4000000000000        17.1371699425993     
   78.5000000000000        17.1192039153397     
   78.6000000000000        17.1000819462205     
   78.7000000000000        17.1153068544761     
   78.8000000000000        17.1412558678010     
   78.9000000000000        17.1018849337635     
   79.0000000000000        17.1111683696779     
   79.1000000000000        17.1242789973355     
   79.2000000000000        17.1454888186396     
   79.3000000000000        17.1360194781814     
   79.4000000000000        17.1565497453524     
   79.5000000000000        17.1572007343318     
   79.6000000000000        17.0928410446191     
   79.7000000000000        17.1295461957211     
   79.8000000000000        17.1228800844441     
   79.9000000000000        17.1415810061183     
   80.0000000000000        17.1279904599418     
   80.1000000000000        17.1306043293053     
   80.2000000000000        17.1458142668179     
   80.3000000000000        17.1185081517892     
   80.4000000000000        17.1424236072368     
   80.5000000000000        17.1629291768447     
   80.6000000000000        17.1838153835446     
   80.7000000000000        17.1727695695096     
   80.8000000000000        17.1433326114337     
   80.9000000000000        17.1230921400344     
   81.0000000000000        17.1290715213859     
   81.1000000000000        17.1183683504901     
   81.2000000000000        17.1765776064231     
   81.3000000000000        17.1843021052309     
   81.4000000000000        17.1797040069812     
   81.5000000000000        17.1541095815722     
   81.6000000000000        17.1700228365103     
   81.7000000000000        17.1710619037187     
   81.8000000000000        17.1763307536552     
   81.9000000000000        17.1996882632291     
   82.0000000000000        17.2121015961594     
   82.1000000000000        17.1789586635262     
   82.2000000000000        17.0514905098307     
   82.3000000000000        17.1311609764897     
   82.4000000000000        17.0530226649946     
   82.5000000000000        17.1474168378165     
   82.6000000000000        17.2052545008947     
   82.7000000000000        17.2150523461302     
   82.8000000000000        17.2230523045239     
   82.9000000000000        17.2435075758321     
   83.0000000000000        17.1120522647343     
   83.1000000000000        17.1093256033371     
   83.2000000000000        17.1004581843328     
   83.3000000000000        17.1208464357508     
   83.4000000000000        17.1208931083038     
   83.5000000000000        17.1796262078878     
   83.6000000000000        17.2196776670598     
   83.7000000000000        17.2382310158288     
   83.8000000000000        17.2223414995001     
   83.9000000000000        17.1916086219389     
   84.0000000000000        17.1676074193811     
   84.1000000000000        17.1619048682643     
   84.2000000000000        17.1693978560115     
   84.3000000000000        17.1537969251685     
   84.4000000000000        17.1795254521405     
   84.5000000000000        17.2374817288585     
   84.6000000000000        17.2043900067531     
   84.7000000000000        17.2466938926551     
   84.8000000000000        17.2189791968596     
   84.9000000000000        17.2345816458784     
   85.0000000000000        17.2219217616372     
   85.1000000000000        17.2080897564548     
   85.2000000000000        17.1842207736340     
   85.3000000000000        17.1750064342778     
   85.4000000000000        17.1927954166658     
   85.5000000000000        17.2342841132040     
   85.6000000000000        17.2672746439227     
   85.7000000000000        17.2557554342769     
   85.8000000000000        17.2339181315310     
   85.9000000000000        17.2626452722934     
   86.0000000000000        17.2715556685532     
   86.1000000000000        17.2506120249774     
   86.2000000000000        17.2511133954773     
   86.3000000000000        17.2532998735929     
   86.4000000000000        17.2716311998823     
   86.5000000000000        17.2448312777542     
   86.6000000000000        17.2392059585441     
   86.7000000000000        17.2568360646335     
   86.8000000000000        17.2625125522245     
   86.9000000000000        17.2766235318401     
   87.0000000000000        17.2599497796251     
   87.1000000000000        17.2384845564052     
   87.2000000000000        17.2398709091795     
   87.3000000000000        17.2403689998817     
   87.4000000000000        17.2189091496012     
   87.5000000000000        17.1996111162365     
   87.6000000000000        17.1845050019348     
   87.7000000000000        17.1893549314358     
   87.8000000000000        17.1455673948340     
   87.9000000000000        17.1455575854278     
   88.0000000000000        17.1404614894295     
   88.1000000000000        17.1425058641433     
   88.2000000000000        17.1397075124059     
   88.3000000000000        17.1223622500881     
   88.4000000000000        17.1462676550188     
   88.5000000000000        17.1141757954033     
   88.6000000000000        17.1436344907412     
   88.7000000000000        17.1988581825536     
   88.8000000000000        17.1826227696687     
   88.9000000000000        17.1811155953020     
   89.0000000000000        17.1881623732595     
   89.1000000000000        17.2047405599863     
   89.2000000000000        17.2240596322390     
   89.3000000000000        17.2354731365538     
   89.4000000000000        17.1832835611488     
   89.5000000000000        17.1467368020510     
   89.6000000000000        17.1764754555605     
   89.7000000000000        17.1816107344283     
   89.8000000000000        17.2020515804608     
   89.9000000000000        17.1967547088153     
   90.0000000000000        17.1874899820600     
   90.1000000000000        17.1861898511610     
   90.2000000000000        17.1805637193345     
   90.3000000000000        17.1907255038740     
   90.4000000000000        17.2183268775619     
   90.5000000000000        17.2162416576745     
   90.6000000000000        17.2113099183288     
   90.7000000000000        17.2160347535050     
   90.8000000000000        17.2144225485678     
   90.9000000000000        17.2098405051112     
   91.0000000000000        17.1900436901278     
   91.1000000000000        17.1733426512333     
   91.2000000000000        17.1816944973672     
   91.3000000000000        17.1820087478397     
   91.4000000000000        17.1855798966962     
   91.5000000000000        17.1943557903762     
   91.6000000000000        17.2012829574713     
   91.7000000000000        17.2117916244858     
   91.8000000000000        17.2098411611981     
   91.9000000000000        17.2126493833290     
   92.0000000000000        17.2035803017460     
   92.1000000000000        17.1734416188582     
   92.2000000000000        17.1724778331252     
   92.3000000000000        17.1726296076894     
   92.4000000000000        17.1646123250172     
   92.5000000000000        17.1763960049518     
   92.6000000000000        17.1812089957810     
   92.7000000000000        17.1791435758651     
   92.8000000000000        17.1853092093356     
   92.9000000000000        17.2062577257122     
   93.0000000000000        17.2281715936532     
   93.1000000000000        17.2211742165665     
   93.2000000000000        17.2011821541887     
   93.3000000000000        17.2167552795748     
   93.4000000000000        17.2216125329475     
   93.5000000000000        17.2182746144984     
   93.6000000000000        17.2087937764910     
   93.7000000000000        17.2004333752712     
   93.8000000000000        17.1857552640417     
   93.9000000000000        17.1998027757535     
   94.0000000000000        17.2066240535269     
   94.1000000000000        17.2231346026441     
   94.2000000000000        17.2340889045050     
   94.3000000000000        17.2290247445197     
   94.4000000000000        17.2449633429547     
   94.5000000000000        17.2379908626838     
   94.6000000000000        17.2339130034790     
   94.7000000000000        17.2337649799513     
   94.8000000000000        17.2338310048182     
   94.9000000000000        17.2007871993581     
   95.0000000000000        17.2043454247223     
   95.1000000000000        17.1878050321355     
   95.2000000000000        17.1698633871294     
   95.3000000000000        17.1736943907479     
   95.4000000000000        17.1893750641898     
   95.5000000000000        17.1839356931497     
   95.6000000000000        17.1821841175880     
   95.7000000000000        17.1933421441784     
   95.8000000000000        17.1745559058508     
   95.9000000000000        17.1701936335655     
   96.0000000000000        17.1605845942038     
   96.1000000000000        17.1463457377859     
   96.2000000000000        17.1623587750317     
   96.3000000000000        17.1613173551228     
   96.4000000000000        17.1759637003370     
   96.5000000000000        17.1704436155456     
   96.6000000000000        17.2079697226432     
   96.7000000000000        17.2235227734452     
   96.8000000000000        17.2202785902509     
   96.9000000000000        17.1948795173334     
   97.0000000000000        17.2175162695926     
   97.1000000000000        17.2211606592805     
   97.2000000000000        17.2042789173800     
   97.3000000000000        17.2249170207000     
   97.4000000000000        17.2388076437331     
   97.5000000000000        17.2209880159427     
   97.6000000000000        17.1948376923582     
   97.7000000000000        17.1587565241928     
   97.8000000000000        17.1795325944876     
   97.9000000000000        17.1678861820356     
   98.0000000000000        17.1509528715781     
   98.1000000000000        17.1850788904746     
   98.2000000000000        17.1404728975198     
   98.3000000000000        17.1751546016106     
   98.4000000000000        17.1585708143286     
   98.5000000000000        17.1462388742745     
   98.6000000000000        17.1341797518934     
   98.7000000000000        17.2039347199176     
   98.8000000000000        17.1871006734270     
   98.9000000000000        17.2340948464127     
   99.0000000000000        17.2337279000540     
   99.1000000000000        17.2360023484709     
   99.2000000000000        17.2428489365087     
   99.3000000000000        17.2258435756247     
   99.4000000000000        17.2082900996910     
   99.5000000000000        17.1748267368490     
   99.6000000000000        17.1666985162052     
   99.7000000000000        17.1615435932026     
   99.8000000000000        17.1781036468790     
   99.9000000000000        17.2018421612806     
   100.000000000000        17.2312114229460     
   100.100000000000        17.2323519169012     
   100.200000000000        17.2446632894240     
   100.300000000000        17.2344591794459     
   100.400000000000        17.2054886287669     
   100.500000000000        17.1810011880208     
   100.600000000000        17.1724849343522     
   100.700000000000        17.1725355537747     
   100.800000000000        17.1442629734417     
