   1.09947091371851        1.73337797619048     
   2.09955216778189        2.71240575396825     
   3.09829467788114        6.51762698412698     
   4.09636929533735        9.93623214285714     
   5.09318493190221        11.3438343253968     
   6.09899270490860        13.6495446428571     
   7.09285323007498        13.7554394841270     
   8.09815084165893        14.6195813492064     
   9.09541401466413        14.7574444444444     
   10.0988846553955        15.4877192460317     
   11.0988137193053        16.3728402777778     
   12.0985497700749        19.6126230158730     
   13.0992247379618        19.7414950396825     
   14.0999676840147        32.4948303571429     
   15.0995985269547        39.6347400793651     
   16.0999472411349        50.1592886904762     
   17.0998640432954        83.0576190476191     
   17.0998640432954        83.0576190476191     
   17.0998640432954        83.0576190476191     
   17.0998640432954        83.0576190476191     
   17.0998640432954        83.0576190476191     
   17.0998640432954        83.0576190476191     
   17.0998640432954        83.0576190476191     
   17.0998640432954        83.0576190476191     
   17.0998640432954        83.0576190476191     
   17.0998640432954        83.0576190476191     
   17.0998640432954        83.0576190476191     
   17.0998640432954        83.0576190476191     
   17.0998640432954        83.0576190476191     
   17.0998640432954        83.0576190476191     
   17.0998640432954        83.0576190476191     
   17.0998640432954        83.0576190476191     
   17.0998640432954        83.0576190476191     
   17.0998640432954        83.0576190476191     
   17.0998640432954        83.0576190476191     
   17.0998640432954        83.0576190476191     
   17.0998640432954        83.0576190476191     
   17.0998640432954        83.0576190476191     
   17.0998640432954        83.0576190476191     
   17.0998640432954        83.0576190476191     
   17.0998640432954        83.0576190476191     
   17.0998640432954        83.0576190476191     
   17.0998640432954        83.0576190476191     
   17.0998640432954        83.0576190476191     
   17.0998640432954        83.0576190476191     
   17.0998640432954        83.0576190476191     
   17.0998640432954        83.0576190476191     
   17.0998640432954        83.0576190476191     
   17.0998640432954        83.0576190476191     
   17.0998640432954        83.0576190476191     
