  0.903320675416353       0.987342723004695     
   1.90073392863042        1.48698591549296     
   2.90205262198924        2.08715492957746     
   3.90353688260984        2.68732394366197     
   4.90493574402717        3.28749295774648     
   5.90692757403303        4.08771830985915     
   6.90578404672851        5.38758685446009     
   7.90411888743984        6.48739906103286     
   8.90151282621082        7.18709859154930     
   8.90151282621082        7.18709859154930     
   8.90151282621082        7.18709859154930     
   8.90151282621082        7.18709859154930     
   8.90151282621082        7.18709859154930     
   8.90151282621082        7.18709859154930     
   8.90151282621082        7.18709859154930     
   8.90151282621082        7.18709859154930     
   8.90151282621082        7.18709859154930     
   8.90151282621082        7.18709859154930     
   8.90151282621082        7.18709859154930     
   8.90151282621082        7.18709859154930     
   8.90151282621082        7.18709859154930     
   8.90151282621082        7.18709859154930     
   8.90151282621082        7.18709859154930     
   8.90151282621082        7.18709859154930     
   8.90151282621082        7.18709859154930     
   8.90151282621082        7.18709859154930     
   8.90151282621082        7.18709859154930     
   8.90151282621082        7.18709859154930     
   8.90151282621082        7.18709859154930     
   8.90151282621082        7.18709859154930     
   8.90151282621082        7.18709859154930     
   8.90151282621082        7.18709859154930     
   8.90151282621082        7.18709859154930     
   8.90151282621082        7.18709859154930     
   8.90151282621082        7.18709859154930     
   8.90151282621082        7.18709859154930     
   8.90151282621082        7.18709859154930     
   8.90151282621082        7.18709859154930     
   8.90151282621082        7.18709859154930     
   8.90151282621082        7.18709859154930     
   8.90151282621082        7.18709859154930     
   8.90151282621082        7.18709859154930     
   8.90151282621082        7.18709859154930     
   8.90151282621082        7.18709859154930     
   8.90151282621082        7.18709859154930     
   8.90151282621082        7.18709859154930     
   8.90151282621082        7.18709859154930     
   8.90151282621082        7.18709859154930     
   8.90151282621082        7.18709859154930     
   8.90151282621082        7.18709859154930     
