0 0
.1 0
.2 0
.3 0
.4 0
.5 0
.6 0
.7 0
.8 0
.9 0
1.0 1
1.1 1
1.2 1
1.3 1
1.4 1
1.5 2
1.6 2
1.7 2
1.8 2
1.9 2
2.0 2
2.1 3
2.2 3
2.3 3
2.4 3
2.5 3
2.6 3
2.7 4
2.8 4
2.9 4
3.0 4
3.1 4
3.2 4
3.3 5
3.4 5
3.5 5
3.6 5
3.7 5
3.8 5
3.9 5
4.0 5
4.1 6
4.2 6
4.3 6
4.4 6
4.5 6
4.6 6
4.7 6
4.8 6
4.9 6
5.0 6
5.1 6
5.2 6
5.3 6
5.4 7
5.5 7
5.6 7
5.7 7
5.8 7
5.9 7
6.0 7
6.1 7
6.2 7
6.3 7
6.4 7
6.5 8
6.6 8
6.7 8
6.8 8
6.9 8
7.0 8
7.1 8
7.2 9
7.3 9
7.4 9
7.5 9
7.6 9
7.7 9
7.8 9
7.9 9
8.0 9
8.1 9
8.2 9
8.3 9
8.4 9
8.5 9
8.6 9
8.7 9
8.8 9
8.9 9
9.0 9
9.1 9
9.2 9
9.3 9
9.4 9
9.5 9
9.6 9
9.7 9
9.8 9
9.9 9
10.0 9
10.1 9
10.2 9
10.3 9
10.4 9
10.5 9
10.6 9
10.7 9
10.8 9
10.9 9
11.0 9
11.1 9
11.2 9
11.3 9
11.4 9
11.5 9
11.6 9
11.7 9
11.8 9
11.9 9
12.0 9
12.1 9
12.2 9
12.3 9
12.4 9
12.5 9
12.6 9
12.7 9
12.8 9
12.9 9
13.0 9
13.1 9
13.2 9
13.3 9
13.4 9
13.5 9
13.6 9
13.7 9
13.8 9
13.9 9
14.0 9
14.1 9
14.2 9
14.3 9
14.4 9
14.5 9
14.6 9
14.7 9
14.8 9
14.9 9
15.0 9
15.1 9
15.2 9
15.3 9
15.4 9
15.5 9
15.6 9
15.7 9
15.8 9
15.9 9
16.0 9
16.1 9
16.2 9
16.3 9
16.4 9
16.5 9
16.6 9
16.7 9
16.8 9
16.9 9
17.0 9
17.1 9
17.2 9
17.3 9
17.4 9
17.5 9
17.6 9
17.7 9
17.8 9
17.9 9
18.0 9
18.1 9
18.2 9
18.3 9
18.4 9
18.5 9
18.6 9
18.7 9
18.8 9
18.9 9
19.0 9
19.1 9
19.2 9
19.3 9
19.4 9
19.5 9
19.6 9
19.7 9
19.8 9
19.9 9
20.0 9
20.1 9
20.2 9
20.3 9
20.4 9
20.5 9
20.6 9
20.7 9
20.8 9
20.9 9
21.0 9
21.1 9
21.2 9
