   1.09391619694406        1.41233802816901     
   2.09498357791017        2.01250704225352     
   3.09646307523144        2.61267605633803     
   4.09791448940450        3.21284507042254     
   5.09998118674412        4.01307042253521     
   6.09882760290930        5.31293896713615     
   7.09716606096481        6.41275117370892     
   8.09456699073780        7.11245070422535     
   8.99999999999996        21.2000000000000     
   8.99999999999996        21.2000000000000     
   8.99999999999996        21.2000000000000     
   8.99999999999996        21.2000000000000     
   8.99999999999996        21.2000000000000     
   8.99999999999996        21.2000000000000     
   8.99999999999996        21.2000000000000     
   8.99999999999996        21.2000000000000     
   8.99999999999996        21.2000000000000     
   8.99999999999996        21.2000000000000     
   8.99999999999996        21.2000000000000     
   8.99999999999996        21.2000000000000     
   8.99999999999996        21.2000000000000     
   8.99999999999996        21.2000000000000     
   8.99999999999996        21.2000000000000     
   8.99999999999996        21.2000000000000     
   8.99999999999996        21.2000000000000     
   8.99999999999996        21.2000000000000     
   8.99999999999996        21.2000000000000     
   8.99999999999996        21.2000000000000     
   8.99999999999996        21.2000000000000     
   8.99999999999996        21.2000000000000     
   8.99999999999996        21.2000000000000     
   8.99999999999996        21.2000000000000     
   8.99999999999996        21.2000000000000     
   8.99999999999996        21.2000000000000     
   8.99999999999996        21.2000000000000     
   8.99999999999996        21.2000000000000     
   8.99999999999996        21.2000000000000     
   8.99999999999996        21.2000000000000     
   8.99999999999996        21.2000000000000     
   8.99999999999996        21.2000000000000     
   8.99999999999996        21.2000000000000     
   8.99999999999996        21.2000000000000     
   8.99999999999996        21.2000000000000     
   8.99999999999996        21.2000000000000     
   8.99999999999996        21.2000000000000     
   8.99999999999996        21.2000000000000     
   8.99999999999996        21.2000000000000     
   8.99999999999996        21.2000000000000     
   8.99999999999996        21.2000000000000     
   8.99999999999996        21.2000000000000     
