  0.906114782975465        1.18762475049900     
   1.90785279900047        2.58782435129740     
   2.90517112307134        3.57784431137725     
   3.90835934807546        5.18762475049900     
   4.90262012724997        6.38722554890219     
   5.90661078318954        8.57884231536926     
   6.90274612291250        9.38722554890220     
   7.90578962292057        10.1876247504990     
   8.90656455804128        10.6876247504990     
   9.90400939038955        12.2874251497006     
   10.9048204934224        12.7874251497006     
   11.9056776324287        16.5778443113772     
   11.9056776324287        16.5778443113772     
   11.9056776324287        16.5778443113772     
   11.9056776324287        16.5778443113772     
   11.9056776324287        16.5778443113772     
   11.9056776324287        16.5778443113772     
   11.9056776324287        16.5778443113772     
   11.9056776324287        16.5778443113772     
   11.9056776324287        16.5778443113772     
   11.9056776324287        16.5778443113772     
   11.9056776324287        16.5778443113772     
   11.9056776324287        16.5778443113772     
   11.9056776324287        16.5778443113772     
   11.9056776324287        16.5778443113772     
   11.9056776324287        16.5778443113772     
   11.9056776324287        16.5778443113772     
   11.9056776324287        16.5778443113772     
   11.9056776324287        16.5778443113772     
   11.9056776324287        16.5778443113772     
   11.9056776324287        16.5778443113772     
   11.9056776324287        16.5778443113772     
   11.9056776324287        16.5778443113772     
   11.9056776324287        16.5778443113772     
   11.9056776324287        16.5778443113772     
   11.9056776324287        16.5778443113772     
   11.9056776324287        16.5778443113772     
   11.9056776324287        16.5778443113772     
   11.9056776324287        16.5778443113772     
   11.9056776324287        16.5778443113772     
   11.9056776324287        16.5778443113772     
   11.9056776324287        16.5778443113772     
   11.9056776324287        16.5778443113772     
   11.9056776324287        16.5778443113772     
   11.9056776324287        16.5778443113772     
   11.9056776324287        16.5778443113772     
   11.9056776324287        16.5778443113772     
   11.9056776324287        16.5778443113772     
   11.9056776324287        16.5778443113772     
   11.9056776324287        16.5778443113772     
