
0 0
.1 0
.2 0
.3 0
.4 0
.5 0
.6 0
.7 0
.8 0
.9 0
1.0 0
1.1 0
1.2 1
1.3 1
1.4 1
1.5 1
1.6 1
1.7 1
1.8 1
1.9 1
2.0 1
2.1 1
2.2 1
2.3 1
2.4 1
2.5 1
2.6 2
2.7 2
2.8 2
2.9 2
3.0 2
3.1 2
3.2 2
3.3 2
3.4 2
3.5 2
3.6 3
3.7 2
3.8 2
3.9 2
4.0 2
4.1 2
4.2 2
4.3 3
4.4 3
4.5 3
4.6 3
4.7 3
4.8 2
4.9 3
5.0 3
5.1 3
5.2 4
5.3 4
5.4 4
5.5 4
5.6 4
5.7 4
5.8 4
5.9 4
6.0 4
6.1 4
6.2 4
6.3 4
6.4 5
6.5 5
6.6 5
6.7 5
6.8 5
6.9 5
7.0 5
7.1 5
7.2 5
7.3 5
7.4 5
7.5 5
7.6 5
7.7 5
7.8 5
7.9 5
8.0 5
8.1 5
8.2 5
8.3 5
8.4 5
8.5 5
8.6 6
8.7 5
8.8 5
8.9 6
9.0 6
9.1 6
9.2 6
9.3 6
9.4 7
9.5 7
9.6 7
9.7 7
9.8 7
9.9 7
10.0 7
10.1 7
10.2 8
10.3 8
10.4 8
10.5 8
10.6 8
10.7 9
10.8 9
10.9 9
11.0 9
11.1 9
11.2 8
11.3 8
11.4 8
11.5 8
11.6 8
11.7 9
11.8 9
11.9 9
12.0 9
12.1 9
12.2 9
12.3 10
12.4 10
12.5 10
12.6 10
12.7 10
12.8 11
12.9 11
13.0 11
13.1 11
13.2 11
13.3 10
13.4 10
13.5 10
13.6 9
13.7 9
13.8 10
13.9 10
14.0 10
14.1 10
14.2 10
14.3 10
14.4 10
14.5 10
14.6 10
14.7 10
14.8 10
14.9 10
15.0 10
15.1 10
15.2 11
15.3 11
15.4 11
15.5 11
15.6 11
15.7 11
15.8 11
15.9 11
16.0 11
16.1 11
16.2 11
16.3 11
16.4 11
16.5 11
16.6 12
16.7 11
16.8 11
16.9 11
17.0 11
17.1 10
17.2 10
17.3 10
17.4 10
17.5 10
17.6 10
17.7 10
17.8 10
17.9 10
18.0 10
18.1 10
18.2 10
18.3 10
18.4 10
18.5 10
18.6 10
18.7 10
18.8 10
18.9 10
19.0 11
19.1 11
19.2 11
19.3 11
19.4 11
19.5 11
19.6 11
19.7 11
19.8 11
19.9 11
20.0 11
20.1 10
20.2 10
20.3 11
20.4 10
20.5 10
20.6 10
20.7 10
20.8 10
20.9 10
21.0 10
21.1 10
21.2 10
21.3 10
21.4 10
21.5 10
21.6 11
21.7 10
21.8 10
21.9 10
22.0 11
22.1 10
22.2 10
22.3 10
22.4 10
22.5 10
22.6 10
22.7 10
22.8 10
22.9 10
23.0 10
23.1 11
23.2 11
23.3 10
23.4 10
23.5 10
23.6 10
23.7 11
23.8 10
23.9 10
24.0 11
24.1 10
24.2 10
24.3 11
24.4 11
24.5 11
24.6 10
24.7 11
24.8 10
24.9 10
25.0 11
25.1 11
25.2 11
25.3 11
25.4 11
25.5 11
25.6 11
25.7 11
25.8 11
25.9 11
26.0 11
26.1 11
26.2 11
26.3 11
26.4 11
26.5 11
26.6 11
26.7 11
26.8 11
26.9 11
27.0 11
27.1 11
27.2 11
27.3 11
27.4 11
27.5 11
27.6 11
27.7 11
27.8 11
27.9 11
28.0 11
28.1 11
28.2 11
28.3 11
28.4 11
28.5 11
28.6 11
28.7 11
28.8 11
28.9 11
29.0 11
29.1 11
29.2 11
29.3 11
29.4 11
29.5 11
29.6 11
29.7 11
29.8 11
29.9 11
30.0 11
30.1 11
30.2 11
30.3 11
30.4 11
30.5 11
30.6 11
30.7 11
30.8 11
30.9 11
31.0 11
31.1 11
31.2 11
31.3 11
31.4 11
31.5 11
31.6 11
31.7 11
31.8 11
31.9 11
32.0 11
32.1 11
32.2 11
32.3 11
32.4 11
32.5 11
32.6 11
32.7 11
32.8 11
32.9 11
33.0 11
33.1 11
33.2 11
33.3 11
33.4 10
33.5 10
33.6 10
33.7 10
33.8 10
33.9 10
34.0 10
34.1 10
34.2 11
34.3 10
34.4 10
34.5 10
34.6 10
34.7 10
34.8 10
34.9 10
35.0 10
35.1 10
35.2 10
35.3 10
35.4 10
35.5 10
35.6 10
35.7 10
35.8 10
35.9 10
36.0 10
36.1 10
36.2 10
36.3 10
36.4 10
36.5 10
36.6 10
36.7 10
36.8 10
36.9 10
37.0 10
37.1 10
37.2 10
37.3 10
37.4 10
37.5 10
37.6 10
37.7 10
37.8 10
37.9 10
38.0 10
38.1 10
38.2 10
38.3 10
38.4 10
38.5 10
38.6 10
38.7 10
38.8 10
38.9 10
39.0 10
39.1 10
39.2 10
39.3 10
39.4 10
39.5 10
39.6 10
39.7 10
39.8 10
39.9 10
40.0 10
40.1 10
40.2 10
40.3 10
40.4 10
40.5 10
40.6 10
40.7 10
40.8 10
40.9 10
41.0 10
41.1 10
41.2 10
41.3 10
41.4 10
41.5 10
41.6 10
41.7 10
41.8 10
41.9 10
42.0 10
42.1 10
42.2 10
42.3 10
42.4 10
42.5 10
42.6 10
42.7 10
42.8 10
42.9 10
43.0 10
43.1 10
43.2 10
43.3 10
43.4 10
43.5 11
43.6 10
43.7 10
43.8 10
43.9 10
44.0 10
44.1 10
44.2 10
44.3 10
44.4 10
44.5 10
44.6 10
44.7 10
44.8 10
44.9 10
45.0 10
45.1 10
45.2 10
45.3 10
45.4 10
45.5 10
45.6 10
45.7 10
45.8 10
45.9 10
46.0 10
46.1 10
46.2 10
46.3 10
46.4 10
46.5 10
46.6 10
46.7 10
46.8 10
46.9 10
47.0 10
47.1 10
47.2 10
47.3 10
47.4 10
47.5 10
47.6 10
47.7 10
47.8 10
47.9 10
48.0 10
48.1 10
48.2 10
48.3 10
48.4 10
48.5 10
48.6 10
48.7 10
48.8 10
48.9 10
49.0 10
49.1 10
49.2 10
49.3 10
49.4 10
49.5 10
49.6 10
49.7 10
49.8 10
49.9 10
50.0 10
