   1.09913720117402        2.51297405189621     
   2.09285392548190        4.82235528942116     
   3.09417362313252        5.11177644710579     
   4.09388518816559        6.31237524950100     
   5.09522127686068        8.81037924151697     
   6.09418059338350        9.31237524950100     
   7.09724171215203        10.1127744510978     
   8.09708453807980        11.6127744510978     
   9.09302873397246        13.7105788423154     
   9.99999999999986        50.0000000000000     
   10.9067906737328        43.5219560878243     
   11.9074776638299        16.6217564870259     
   11.9074776638299        16.6217564870259     
   11.9074776638299        16.6217564870259     
   11.9074776638299        16.6217564870259     
   11.9074776638299        16.6217564870259     
   11.9074776638299        16.6217564870259     
   11.9074776638299        16.6217564870259     
   11.9074776638299        16.6217564870259     
   11.9074776638299        16.6217564870259     
   11.9074776638299        16.6217564870259     
   11.9074776638299        16.6217564870259     
   11.9074776638299        16.6217564870259     
   11.9074776638299        16.6217564870259     
   11.9074776638299        16.6217564870259     
   11.9074776638299        16.6217564870259     
   11.9074776638299        16.6217564870259     
   11.9074776638299        16.6217564870259     
   11.9074776638299        16.6217564870259     
   11.9074776638299        16.6217564870259     
   11.9074776638299        16.6217564870259     
   11.9074776638299        16.6217564870259     
   11.9074776638299        16.6217564870259     
   11.9074776638299        16.6217564870259     
   11.9074776638299        16.6217564870259     
   11.9074776638299        16.6217564870259     
   11.9074776638299        16.6217564870259     
   11.9074776638299        16.6217564870259     
   11.9074776638299        16.6217564870259     
   11.9074776638299        16.6217564870259     
   11.9074776638299        16.6217564870259     
   11.9074776638299        16.6217564870259     
   11.9074776638299        16.6217564870259     
   11.9074776638299        16.6217564870259     
   11.9074776638299        16.6217564870259     
   11.9074776638299        16.6217564870259     
   11.9074776638299        16.6217564870259     
   11.9074776638299        16.6217564870259     
   11.9074776638299        16.6217564870259     
   11.9074776638299        16.6217564870259     
