  0.900378734376673        1.52745178764897     
   1.90025237405189        2.69318743228602     
   2.90077675382776        3.20463271939328     
   3.90193058687385        6.87265438786566     
   4.90234525632832        7.16933261105092     
   5.90108211670486        7.61784615384615     
   6.90226141976018        8.24316793066089     
   7.90011447988763        9.18015167930661     
   8.90144442805467        11.7203965330444     
   9.90308804054803        13.2846998916576     
   10.9035306597361        14.5932806067172     
   11.9008804399346        17.2763705308776     
   12.9028256608290        17.4611700975081     
   13.9049515417209        20.0923163596966     
   14.9041376145324        20.3410465872156     
   15.9038426923798        22.3568602383532     
   16.9003794266027        23.4107172264355     
   17.9009072938934        40.3952957746479     
   18.9009526483715        44.6736554712893     
   18.9009526483715        44.6736554712893     
   18.9009526483715        44.6736554712893     
   18.9009526483715        44.6736554712893     
   18.9009526483715        44.6736554712893     
   18.9009526483715        44.6736554712893     
   18.9009526483715        44.6736554712893     
   18.9009526483715        44.6736554712893     
   18.9009526483715        44.6736554712893     
   18.9009526483715        44.6736554712893     
   18.9009526483715        44.6736554712893     
   18.9009526483715        44.6736554712893     
   18.9009526483715        44.6736554712893     
   18.9009526483715        44.6736554712893     
   18.9009526483715        44.6736554712893     
   18.9009526483715        44.6736554712893     
   18.9009526483715        44.6736554712893     
   18.9009526483715        44.6736554712893     
   18.9009526483715        44.6736554712893     
   18.9009526483715        44.6736554712893     
   18.9009526483715        44.6736554712893     
   18.9009526483715        44.6736554712893     
   18.9009526483715        44.6736554712893     
   18.9009526483715        44.6736554712893     
   18.9009526483715        44.6736554712893     
   18.9009526483715        44.6736554712893     
   18.9009526483715        44.6736554712893     
   18.9009526483715        44.6736554712893     
   18.9009526483715        44.6736554712893     
   18.9009526483715        44.6736554712893     
   18.9009526483715        44.6736554712893     
   18.9009526483715        44.6736554712893     
