  0.100000000000000       4.771506598141850E-005
  0.200000000000000       4.490851208310553E-004
  0.300000000000000       2.260028971189265E-003
  0.400000000000000       7.698468935173230E-003
  0.500000000000000       1.929694429154064E-002
  0.600000000000000       4.086726287901388E-002
  0.700000000000000       7.636826846036282E-002
  0.800000000000000       0.127323345292247     
  0.900000000000000       0.198675146739405     
   1.00000000000000       0.290791362106205     
   1.10000000000000       0.401942549009575     
   1.20000000000000       0.523010395389115     
   1.30000000000000       0.642765409574778     
   1.40000000000000       0.756505998874644     
   1.50000000000000       0.873062312649409     
   1.60000000000000       0.960474472046570     
   1.70000000000000        1.03148989769386     
   1.80000000000000        1.10893880503744     
   1.90000000000000        1.16666524710598     
   2.00000000000000        1.21612694493908     
   2.10000000000000        1.24733722529606     
   2.20000000000000        1.31576164140793     
   2.30000000000000        1.39730281265801     
   2.40000000000000        1.48200134562518     
   2.50000000000000        1.59527115360640     
   2.60000000000000        1.74749062612926     
   2.70000000000000        1.91344317146394     
   2.80000000000000        2.12079304706504     
   2.90000000000000        2.27751343953798     
   3.00000000000000        2.49543653599994     
   3.10000000000000        2.66114305718708     
   3.20000000000000        2.89049303506458     
   3.30000000000000        3.07296385574972     
   3.40000000000000        3.19957056929780     
   3.50000000000000        3.31493668689401     
   3.60000000000000        3.42181867053228     
   3.70000000000000        3.50198102918120     
   3.80000000000000        3.55320135645906     
   3.90000000000000        3.58395810918967     
   4.00000000000000        3.54603878166036     
   4.10000000000000        3.53838382332106     
   4.20000000000000        3.49275651635162     
   4.30000000000000        3.48138077625663     
   4.40000000000000        3.47070942591756     
   4.50000000000000        3.43356902472897     
   4.60000000000000        3.47818464584122     
   4.70000000000000        3.47096200625265     
   4.80000000000000        3.51068595439347     
   4.90000000000000        3.50767994100329     
   5.00000000000000        3.50444100200059     
   5.10000000000000        3.44954213810121     
   5.20000000000000        3.35367694738545     
   5.30000000000000        3.17018474569437     
   5.40000000000000        2.99711007812755     
   5.50000000000000        2.82066586213449     
   5.60000000000000        2.65632851750166     
   5.70000000000000        2.54181299663748     
   5.80000000000000        2.46627276975033     
   5.90000000000000        2.45211673620551     
   6.00000000000000        2.46219874847569     
   6.10000000000000        2.47097715823998     
   6.20000000000000        2.54751534001787     
   6.30000000000000        2.59911196698613     
   6.40000000000000        2.69903931806016     
   6.50000000000000        2.86635448951859     
   6.60000000000000        3.05158163216879     
   6.70000000000000        3.33776453398229     
   6.80000000000000        3.65722798609482     
   6.90000000000000        3.99822883149443     
   7.00000000000000        4.35774879019232     
   7.10000000000000        4.68425239036506     
   7.20000000000000        4.99473889602328     
   7.30000000000000        5.26231395612456     
   7.40000000000000        5.48786041304295     
   7.50000000000000        5.71369409076526     
   7.60000000000000        5.87292811812853     
   7.70000000000000        6.04368851213491     
   7.80000000000000        6.22539344044822     
   7.90000000000000        6.39999308924246     
   8.00000000000000        6.59003918195682     
   8.10000000000000        6.73917466304090     
   8.20000000000000        6.80341022205110     
   8.30000000000000        7.03028440590509     
   8.40000000000000        7.08012440982931     
   8.50000000000000        7.26380120256630     
   8.60000000000000        7.29467440540134     
   8.70000000000000        7.44044740659587     
   8.80000000000000        7.57233909297429     
   8.90000000000000        7.65896011953399     
   9.00000000000000        7.76979673252583     
   9.10000000000000        7.82917995522512     
   9.20000000000000        7.91911168649355     
   9.30000000000000        8.01921037845606     
   9.40000000000000        8.12816375877088     
   9.50000000000000        8.07709760084424     
   9.60000000000000        8.11162090301298     
   9.70000000000000        8.07410820371160     
   9.80000000000000        8.01664650490355     
   9.90000000000000        7.98288729329767     
   10.0000000000000        7.94227039641400     
   10.1000000000000        7.90647738438520     
   10.2000000000000        7.84348060794105     
   10.3000000000000        7.86385864493116     
   10.4000000000000        7.85102596782099     
   10.5000000000000        7.82464575409949     
   10.6000000000000        7.75681427453162     
   10.7000000000000        7.73794981749825     
   10.8000000000000        7.65404586772320     
   10.9000000000000        7.64244367729248     
   11.0000000000000        7.53987521695308     
   11.1000000000000        7.46526977144951     
   11.2000000000000        7.57608877174870     
   11.3000000000000        7.71875851764634     
   11.4000000000000        7.91407596118688     
   11.5000000000000        8.19684545686567     
   11.6000000000000        8.48050924761745     
   11.7000000000000        8.83682841881389     
   11.8000000000000        9.10167035592042     
   11.9000000000000        9.24619511378927     
   12.0000000000000        9.23808100665656     
   12.1000000000000        9.15133635880534     
   12.2000000000000        9.00263832343848     
   12.3000000000000        8.83501828912230     
   12.4000000000000        8.66000363711828     
   12.5000000000000        8.48548875656280     
   12.6000000000000        8.25977138718109     
   12.7000000000000        8.06545174617683     
   12.8000000000000        7.93150557942693     
   12.9000000000000        7.98207061912476     
   13.0000000000000        8.32338321397236     
   13.1000000000000        8.85662383395004     
   13.2000000000000        9.47173112972177     
   13.3000000000000        9.96476509720372     
   13.4000000000000        10.2340275954617     
   13.5000000000000        10.2965161200314     
   13.6000000000000        10.1675395637130     
   13.7000000000000        10.0155847441653     
   13.8000000000000        9.91920284928813     
   13.9000000000000        9.82386292085931     
   14.0000000000000        9.77468504306069     
   14.1000000000000        9.70682317370427     
   14.2000000000000        9.67697564918114     
   14.3000000000000        9.78782992532342     
   14.4000000000000        10.0745605026767     
   14.5000000000000        10.4832404211664     
   14.6000000000000        10.9337830716941     
   14.7000000000000        11.3375984192946     
   14.8000000000000        11.5446694211353     
   14.9000000000000        11.5302939303681     
   15.0000000000000        11.3510620711692     
   15.1000000000000        11.0692514735110     
   15.2000000000000        10.7141092945197     
   15.3000000000000        10.3686014930448     
   15.4000000000000        10.1056582104468     
   15.5000000000000        9.89264868747478     
   15.6000000000000        9.77412250770675     
   15.7000000000000        9.81991333368461     
   15.8000000000000        9.98901709599409     
   15.9000000000000        10.2278165109327     
   16.0000000000000        10.5108320331858     
   16.1000000000000        10.8564371227679     
   16.2000000000000        11.0298308319746     
   16.3000000000000        11.3624270393342     
   16.4000000000000        11.5716127177130     
   16.5000000000000        11.5744770371069     
   16.6000000000000        11.3389384768009     
   16.7000000000000        11.0024332059337     
   16.8000000000000        10.6673220008072     
   16.9000000000000        10.5294980986995     
   17.0000000000000        10.6652148112490     
   17.1000000000000        10.9265777236661     
   17.2000000000000        11.4559416695769     
   17.3000000000000        12.0429743784302     
   17.4000000000000        12.6402201100490     
   17.5000000000000        12.9950963393361     
   17.6000000000000        12.9175741645048     
   17.7000000000000        12.5262445581096     
   17.8000000000000        12.1479932016323     
   17.9000000000000        11.7711567829913     
   18.0000000000000        11.6555687573523     
   18.1000000000000        11.5112262767339     
   18.2000000000000        11.4983669183371     
   18.3000000000000        11.6088339916534     
   18.4000000000000        11.8329221648314     
   18.5000000000000        12.1014706556726     
   18.6000000000000        12.3900361501043     
   18.7000000000000        12.6772986336414     
   18.8000000000000        13.0541919828600     
   18.9000000000000        13.4948919272208     
   19.0000000000000        13.5159796436859     
   19.1000000000000        13.3301218142599     
   19.2000000000000        13.1322081418643     
   19.3000000000000        12.9038767441594     
   19.4000000000000        12.7843415412781     
   19.5000000000000        12.4144844702225     
   19.6000000000000        12.1272297020342     
   19.7000000000000        11.8584113971274     
   19.8000000000000        11.9452948182143     
   19.9000000000000        12.4479660559149     
   20.0000000000000        13.2471533559353     
   20.1000000000000        13.9525228351816     
   20.2000000000000        14.4442632205668     
   20.3000000000000        14.7318586662085     
   20.4000000000000        15.2037219919388     
   20.5000000000000        15.5740775887338     
   20.6000000000000        15.4096424931237     
   20.7000000000000        15.0560850648665     
   20.8000000000000        14.4928171354697     
   20.9000000000000        14.0696744143848     
   21.0000000000000        14.0883268525542     
   21.1000000000000        14.3689787001617     
   21.2000000000000        14.5368720043494     
   21.3000000000000        14.6266891197244     
   21.4000000000000        14.3054900855459     
   21.5000000000000        13.4102174656696     
   21.6000000000000        12.4930660025365     
   21.7000000000000        12.3191499991232     
   21.8000000000000        12.9184976740125     
   21.9000000000000        13.7385778455472     
   22.0000000000000        14.4358309387682     
   22.1000000000000        14.9224138359269     
   22.2000000000000        15.2690976604474     
   22.3000000000000        15.6659775075275     
   22.4000000000000        16.0562520347613     
   22.5000000000000        16.2775637173793     
   22.6000000000000        16.4309660841640     
   22.7000000000000        16.3235997896192     
   22.8000000000000        16.0900238971511     
   22.9000000000000        15.8294381854611     
   23.0000000000000        15.6436685915689     
   23.1000000000000        15.6237899142595     
   23.2000000000000        16.0664235106456     
   23.3000000000000        16.5949144121712     
   23.4000000000000        16.8881133379667     
   23.5000000000000        16.8700961728197     
   23.6000000000000        16.6804627755391     
   23.7000000000000        16.5473829523298     
   23.8000000000000        16.3348209440971     
   23.9000000000000        16.0596733229973     
   24.0000000000000        15.7758071061785     
   24.1000000000000        15.3704026995426     
   24.2000000000000        14.9895635595310     
   24.3000000000000        14.5730310995861     
   24.4000000000000        14.1889603174023     
   24.5000000000000        14.2276235750800     
   24.6000000000000        14.5083511842116     
   24.7000000000000        14.8967365947532     
   24.8000000000000        15.2138022528871     
   24.9000000000000        15.4259507386268     
   25.0000000000000        15.3872869196153     
   25.1000000000000        15.2862477243562     
   25.2000000000000        15.2463391700180     
   25.3000000000000        15.3739043635144     
   25.4000000000000        15.6719847198452     
   25.5000000000000        15.7946381911840     
   25.6000000000000        15.5947659469471     
   25.7000000000000        15.1601907094064     
   25.8000000000000        14.7834480313760     
   25.9000000000000        14.4594272538740     
   26.0000000000000        14.3971055745220     
   26.1000000000000        14.6031741222106     
   26.2000000000000        14.8544686867910     
   26.3000000000000        15.0627624929809     
   26.4000000000000        14.9180598005473     
   26.5000000000000        14.9111707417999     
   26.6000000000000        15.1002012626078     
   26.7000000000000        15.4435935308780     
   26.8000000000000        15.8123560208706     
   26.9000000000000        16.0934654220950     
   27.0000000000000        16.1870582343074     
   27.1000000000000        16.0587577933492     
   27.2000000000000        15.8533581508199     
   27.3000000000000        15.4609702749396     
   27.4000000000000        15.2969844419339     
   27.5000000000000        15.2206768007392     
   27.6000000000000        15.2630607383451     
   27.7000000000000        15.4051816891972     
   27.8000000000000        15.4996579423754     
   27.9000000000000        15.4426283684708     
   28.0000000000000        15.2914934774998     
   28.1000000000000        15.2605410805788     
   28.2000000000000        15.3094804549251     
   28.3000000000000        15.4487133105530     
   28.4000000000000        15.5627806394966     
   28.5000000000000        15.7138257575483     
   28.6000000000000        15.5900764825937     
   28.7000000000000        15.5865857176350     
   28.8000000000000        15.5664802051804     
   28.9000000000000        15.5368903786418     
   29.0000000000000        15.5409871643263     
   29.1000000000000        15.4386956039324     
   29.2000000000000        15.4677974690937     
   29.3000000000000        15.0925154584332     
   29.4000000000000        15.0277695034688     
   29.5000000000000        15.2004211710001     
   29.6000000000000        15.4673432748673     
   29.7000000000000        15.7870795545685     
   29.8000000000000        15.6535362930259     
   29.9000000000000        15.3992518616355     
   30.0000000000000        15.3091246957408     
   30.1000000000000        15.4297122839145     
   30.2000000000000        15.6412113269464     
   30.3000000000000        15.7044613340587     
   30.4000000000000        15.6572422598640     
   30.5000000000000        15.6662709299894     
   30.6000000000000        15.6936209717546     
   30.7000000000000        15.6511524282259     
   30.8000000000000        15.7763882519210     
   30.9000000000000        15.9158025535979     
   31.0000000000000        15.5951675867331     
   31.1000000000000        15.4513093067741     
   31.2000000000000        15.3869944376772     
   31.3000000000000        15.5483546580161     
   31.4000000000000        15.7816886508248     
   31.5000000000000        16.0016104936965     
   31.6000000000000        16.1564723866670     
   31.7000000000000        16.0704824673514     
   31.8000000000000        15.9548811673263     
   31.9000000000000        15.7805288365314     
   32.0000000000000        15.7759309606429     
   32.1000000000000        15.8371251275384     
   32.2000000000000        16.0765802664233     
   32.3000000000000        15.9702159248482     
   32.4000000000000        15.9010776422979     
   32.5000000000000        15.8067714501910     
   32.6000000000000        15.9035318183185     
   32.7000000000000        15.9963622756877     
   32.8000000000000        16.0860171956456     
   32.9000000000000        15.9483700849979     
   33.0000000000000        15.9145781773513     
   33.1000000000000        15.9173262133909     
   33.2000000000000        16.0315253346947     
   33.3000000000000        16.1840371154904     
   33.4000000000000        16.3102920979553     
   33.5000000000000        16.3461918587713     
   33.6000000000000        16.1258233644587     
   33.7000000000000        16.0236194351721     
   33.8000000000000        16.0451134350075     
   33.9000000000000        16.1355896913816     
   34.0000000000000        16.2917138507635     
   34.1000000000000        16.4732550493389     
   34.2000000000000        16.4919404967629     
   34.3000000000000        16.3660148091373     
   34.4000000000000        16.2847298863700     
   34.5000000000000        16.3404038916114     
   34.6000000000000        16.5543439662934     
   34.7000000000000        16.8249274294131     
   34.8000000000000        16.7053446918013     
   34.9000000000000        16.5587220009967     
   35.0000000000000        16.5515445014621     
   35.1000000000000        16.5977822312840     
   35.2000000000000        16.7049834687914     
   35.3000000000000        16.7540566660361     
   35.4000000000000        16.5947641475829     
   35.5000000000000        16.5361112424733     
   35.6000000000000        16.4946365735466     
   35.7000000000000        16.4827940140512     
   35.8000000000000        16.6535962104256     
   35.9000000000000        16.8174338100306     
   36.0000000000000        17.0501584353115     
   36.1000000000000        16.8317054590814     
   36.2000000000000        16.7133794019817     
   36.3000000000000        16.7346496582930     
   36.4000000000000        16.9821178147747     
   36.5000000000000        17.2852509167687     
   36.6000000000000        17.0317417635975     
   36.7000000000000        16.8749390080998     
   36.8000000000000        16.8123115356764     
   36.9000000000000        16.8733070489581     
   37.0000000000000        16.9939256847019     
   37.1000000000000        17.0893417643003     
   37.2000000000000        16.9238427834212     
   37.3000000000000        16.8973743311282     
   37.4000000000000        16.8257287774764     
   37.5000000000000        16.8701029372880     
   37.6000000000000        16.9498474108445     
   37.7000000000000        17.1953484231526     
   37.8000000000000        17.1920487588684     
   37.9000000000000        17.0201465302487     
   38.0000000000000        17.0872199062034     
   38.1000000000000        17.2890494814561     
   38.2000000000000        17.4953449574471     
   38.3000000000000        17.2904881866421     
   38.4000000000000        17.1876466386767     
   38.5000000000000        17.1695368935949     
   38.6000000000000        17.2719085741948     
   38.7000000000000        17.3702715326953     
   38.8000000000000        17.4453795395453     
   38.9000000000000        17.6576859098192     
   39.0000000000000        17.5515312951367     
   39.1000000000000        17.4834156273222     
   39.2000000000000        17.4347603777077     
   39.3000000000000        17.3353298629500     
   39.4000000000000        17.3748424266650     
   39.5000000000000        17.4573278040527     
   39.6000000000000        17.7658161585354     
   39.7000000000000        17.4103967130298     
   39.8000000000000        17.2872609121812     
   39.9000000000000        17.4957095701066     
   40.0000000000000        17.6730710056680     
   40.1000000000000        17.5288540768435     
   40.2000000000000        17.5562704525220     
   40.3000000000000        17.7070572833543     
   40.4000000000000        17.9073052955413     
   40.5000000000000        17.9049907071168     
   40.6000000000000        17.7528381544210     
   40.7000000000000        17.7521269408478     
   40.8000000000000        17.6898142416123     
   40.9000000000000        17.6501974133014     
   41.0000000000000        17.7537774363687     
   41.1000000000000        17.8933356051830     
   41.2000000000000        18.0683458315572     
   41.3000000000000        18.1993992841429     
   41.4000000000000        18.1208271016220     
   41.5000000000000        18.0818733968525     
   41.6000000000000        18.0902957580281     
   41.7000000000000        18.2893805716928     
   41.8000000000000        18.5688190482844     
   41.9000000000000        18.3561397637213     
   42.0000000000000        18.2474681118937     
   42.1000000000000        18.1709514665977     
   42.2000000000000        18.2051881865174     
   42.3000000000000        18.3123671204215     
   42.4000000000000        18.3876755947974     
   42.5000000000000        18.5652516191924     
   42.6000000000000        18.4684912040990     
   42.7000000000000        18.3350304529362     
   42.8000000000000        18.2689419700195     
   42.9000000000000        18.2769377072118     
   43.0000000000000        18.3628985769193     
   43.1000000000000        18.5413816089816     
   43.2000000000000        18.5106621864685     
   43.3000000000000        18.4547007835413     
   43.4000000000000        18.3848237719848     
   43.5000000000000        18.4220541987564     
   43.6000000000000        18.5043611192957     
   43.7000000000000        18.5906965910118     
   43.8000000000000        18.7466739674234     
   43.9000000000000        18.7565512173649     
   44.0000000000000        18.6719995335881     
   44.1000000000000        18.5770050400668     
   44.2000000000000        18.4789595373400     
   44.3000000000000        18.4108334067110     
   44.4000000000000        18.4659075083846     
   44.5000000000000        18.5683599172154     
   44.6000000000000        18.6989024305562     
   44.7000000000000        18.9256065743840     
   44.8000000000000        18.6962293950971     
   44.9000000000000        18.6237827022202     
   45.0000000000000        18.5832611531389     
   45.1000000000000        18.7003946127877     
   45.2000000000000        18.8334873136326     
   45.3000000000000        19.0862551135180     
   45.4000000000000        18.9129461726678     
   45.5000000000000        18.8185664398453     
   45.6000000000000        18.7092766817550     
   45.7000000000000        18.6784607357293     
   45.8000000000000        18.7557395496432     
   45.9000000000000        18.8070393667655     
   46.0000000000000        18.9400221330475     
   46.1000000000000        18.9401672186471     
   46.2000000000000        18.7960269231798     
   46.3000000000000        18.7052389028445     
   46.4000000000000        18.7635214335729     
   46.5000000000000        18.8786499368634     
   46.6000000000000        19.1072555029452     
   46.7000000000000        18.9438610059490     
   46.8000000000000        18.8273026737021     
   46.9000000000000        18.7283680154769     
   47.0000000000000        18.7973881460959     
   47.1000000000000        18.8871990973196     
   47.2000000000000        19.0419816625500     
   47.3000000000000        18.7935803084860     
   47.4000000000000        18.6557758803736     
   47.5000000000000        18.5142263090986     
   47.6000000000000        18.4546831855886     
   47.7000000000000        18.4182879862759     
   47.8000000000000        18.4677646045378     
   47.9000000000000        18.5359839645993     
   48.0000000000000        18.6644155697531     
   48.1000000000000        18.3873684412047     
   48.2000000000000        18.2507947491673     
   48.3000000000000        18.0660622586034     
   48.4000000000000        18.0713612738502     
   48.5000000000000        18.0911356949158     
   48.6000000000000        18.2133807726568     
   48.7000000000000        18.1986152392576     
   48.8000000000000        18.0167235904857     
   48.9000000000000        17.8613931758931     
   49.0000000000000        17.7759962920922     
   49.1000000000000        17.7855380456431     
   49.2000000000000        17.8895875419381     
   49.3000000000000        18.0256997986746     
   49.4000000000000        18.0337240929145     
   49.5000000000000        17.8726784003469     
   49.6000000000000        17.7819242093896     
   49.7000000000000        17.7285413678591     
   49.8000000000000        17.8891247065999     
   49.9000000000000        18.0645667434965     
   50.0000000000000        18.3144605608506     
   50.1000000000000        18.1399668131504     
   50.2000000000000        18.0481809424455     
   50.3000000000000        18.0262647790426     
   50.4000000000000        18.0992526095550     
   50.5000000000000        18.2016269144302     
   50.6000000000000        18.3424081608056     
   50.7000000000000        18.5219507378083     
   50.8000000000000        18.5338194192759     
   50.9000000000000        18.4184674754703     
   51.0000000000000        18.4078307872280     
   51.1000000000000        18.4269731305889     
   51.2000000000000        18.4692969182183     
   51.3000000000000        18.5944934665869     
   51.4000000000000        18.7128664614509     
   51.5000000000000        18.9771192326035     
   51.6000000000000        18.8511061081126     
   51.7000000000000        18.7740382477784     
   51.8000000000000        18.6956215472539     
   51.9000000000000        18.6815590043500     
   52.0000000000000        18.8042083512247     
   52.1000000000000        18.8076135816582     
   52.2000000000000        18.9687361488898     
   52.3000000000000        18.9690064058192     
   52.4000000000000        18.7531069662105     
   52.5000000000000        18.6881338080275     
   52.6000000000000        18.5831341941738     
   52.7000000000000        18.4028503959502     
   52.8000000000000        18.5242707939765     
   52.9000000000000        18.5791976486303     
   53.0000000000000        18.5596135484478     
   53.1000000000000        18.5670203095735     
   53.2000000000000        18.5353695335947     
   53.3000000000000        18.3931737428946     
   53.4000000000000        18.2119769275972     
   53.5000000000000        18.1647084442914     
   53.6000000000000        18.1253751204833     
   53.7000000000000        18.1837826192102     
   53.8000000000000        18.1469392295585     
   53.9000000000000        18.2343942936519     
   54.0000000000000        18.1263855370226     
   54.1000000000000        18.1519534819287     
   54.2000000000000        18.0779771689330     
   54.3000000000000        18.0043203861434     
   54.4000000000000        17.9744185845250     
   54.5000000000000        18.0437115258983     
   54.6000000000000        18.0037008391126     
   54.7000000000000        17.9660553284261     
   54.8000000000000        17.9721443248935     
   54.9000000000000        18.0754218222969     
   55.0000000000000        18.1241705566083     
   55.1000000000000        18.1343486041093     
   55.2000000000000        18.2620190733400     
   55.3000000000000        18.1939183179644     
   55.4000000000000        18.2175998250080     
   55.5000000000000        18.2282772041360     
   55.6000000000000        18.1689799478046     
   55.7000000000000        18.3576989521852     
   55.8000000000000        18.3625467173744     
   55.9000000000000        18.5381771875755     
   56.0000000000000        18.4270908010977     
   56.1000000000000        18.3739555765588     
   56.2000000000000        18.3708846150284     
   56.3000000000000        18.3473046165583     
   56.4000000000000        18.4149445461225     
   56.5000000000000        18.5746981317596     
   56.6000000000000        18.5569045282997     
   56.7000000000000        18.5401113509804     
   56.8000000000000        18.3860567683878     
   56.9000000000000        18.4683138747628     
   57.0000000000000        18.4605808653456     
   57.1000000000000        18.4448306980134     
   57.2000000000000        18.5135510322984     
   57.3000000000000        18.5098009033713     
   57.4000000000000        18.5072278552095     
   57.5000000000000        18.4852501795543     
   57.6000000000000        18.4149311337529     
   57.7000000000000        18.3378202797609     
   57.8000000000000        18.4305392256692     
   57.9000000000000        18.3515389441361     
   58.0000000000000        18.3761578180706     
   58.1000000000000        18.3882118515073     
   58.2000000000000        18.2634968473709     
   58.3000000000000        18.0195366185771     
   58.4000000000000        18.1440888776646     
   58.5000000000000        18.1693260815387     
   58.6000000000000        18.1929377386862     
   58.7000000000000        18.1489452823578     
   58.8000000000000        18.1047091216739     
   58.9000000000000        18.0848971619722     
   59.0000000000000        18.2139520642129     
   59.1000000000000        18.0622260722234     
   59.2000000000000        18.1438033933019     
   59.3000000000000        18.1982924308756     
   59.4000000000000        18.1087298053015     
   59.5000000000000        18.1523237516367     
   59.6000000000000        18.2494899154536     
   59.7000000000000        18.2734543313291     
   59.8000000000000        18.1729578358532     
   59.9000000000000        18.2005959691197     
   60.0000000000000        18.0939537865974     
   60.1000000000000        18.2782608709598     
   60.2000000000000        18.3283093958291     
   60.3000000000000        18.4435318084718     
   60.4000000000000        18.5480755076031     
   60.5000000000000        18.5165608112486     
   60.6000000000000        18.4408676458906     
   60.7000000000000        18.4518903158779     
   60.8000000000000        18.5182370144207     
   60.9000000000000        18.5441143436259     
   61.0000000000000        18.6405226100035     
   61.1000000000000        18.6820624196371     
   61.2000000000000        18.6617266946323     
   61.3000000000000        18.5895545724679     
   61.4000000000000        18.4881113737576     
   61.5000000000000        18.5764227331228     
   61.6000000000000        18.4663353348053     
   61.7000000000000        18.6167649172210     
   61.8000000000000        18.5543638514899     
   61.9000000000000        18.4655560862775     
   62.0000000000000        18.4654575778895     
   62.1000000000000        18.4794346855119     
   62.2000000000000        18.3683201809781     
   62.3000000000000        18.3683328567157     
   62.4000000000000        18.3085297797204     
   62.5000000000000        18.2703088777333     
   62.6000000000000        18.2729771545620     
   62.7000000000000        18.2390407038386     
   62.8000000000000        18.2621067298018     
   62.9000000000000        18.3071486831421     
   63.0000000000000        18.2794628484839     
   63.1000000000000        18.2133710721298     
   63.2000000000000        18.2071887721995     
   63.3000000000000        18.1337736698081     
   63.4000000000000        18.2207817534301     
   63.5000000000000        18.2143677057665     
   63.6000000000000        18.2501850583313     
   63.7000000000000        18.2470595085203     
   63.8000000000000        18.1636013576145     
   63.9000000000000        18.2489221784447     
   64.0000000000000        18.2881718056499     
   64.1000000000000        18.2553319011768     
   64.2000000000000        18.2770666136488     
   64.3000000000000        18.2361489985578     
   64.4000000000000        18.2536252652228     
   64.5000000000000        18.3246314183553     
   64.6000000000000        18.3284113838699     
   64.7000000000000        18.2593604667356     
   64.8000000000000        18.3869725938988     
   64.9000000000000        18.4326634627498     
   65.0000000000000        18.3389378256345     
   65.1000000000000        18.3975052066484     
   65.2000000000000        18.3484309073382     
   65.3000000000000        18.3522470857847     
   65.4000000000000        18.3445853866703     
   65.5000000000000        18.4222027119689     
   65.6000000000000        18.3341618301432     
   65.7000000000000        18.4108022720748     
   65.8000000000000        18.3876851868361     
   65.9000000000000        18.3574519880518     
   66.0000000000000        18.3404060465167     
   66.1000000000000        18.3109897218695     
   66.2000000000000        18.2210552399719     
   66.3000000000000        18.2878398238232     
   66.4000000000000        18.3553227509472     
   66.5000000000000        18.2259451677449     
   66.6000000000000        18.2574232895124     
   66.7000000000000        18.2640174069623     
   66.8000000000000        18.2576345134064     
   66.9000000000000        18.2276635593956     
   67.0000000000000        18.2636100325180     
   67.1000000000000        18.2946368724049     
   67.2000000000000        18.2780917113456     
   67.3000000000000        18.2230141301992     
   67.4000000000000        18.1922094198375     
   67.5000000000000        18.1936106418270     
   67.6000000000000        18.2806927294000     
   67.7000000000000        18.2970745270549     
   67.8000000000000        18.2862344065696     
   67.9000000000000        18.3199950320600     
   68.0000000000000        18.2942365634284     
   68.1000000000000        18.1975104212963     
   68.2000000000000        18.3030023675256     
   68.3000000000000        18.3210541568774     
   68.4000000000000        18.4212061518166     
   68.5000000000000        18.3853024524824     
   68.6000000000000        18.4075191977052     
   68.7000000000000        18.4141671674026     
   68.8000000000000        18.5227554128902     
   68.9000000000000        18.4918449173589     
   69.0000000000000        18.4779999758000     
   69.1000000000000        18.4878167501474     
   69.2000000000000        18.4412555869731     
   69.3000000000000        18.4486583752646     
   69.4000000000000        18.5065719497703     
   69.5000000000000        18.5383695544232     
   69.6000000000000        18.6201312537361     
   69.7000000000000        18.6410013919976     
   69.8000000000000        18.5989128244380     
   69.9000000000000        18.5346156525762     
   70.0000000000000        18.4667870238399     
   70.1000000000000        18.3520097158633     
   70.2000000000000        18.4853156167273     
   70.3000000000000        18.4611458586719     
   70.4000000000000        18.5800514881317     
   70.5000000000000        18.5702722727782     
   70.6000000000000        18.5418669084054     
   70.7000000000000        18.5498725011775     
   70.8000000000000        18.4661604363762     
   70.9000000000000        18.4170716692400     
   71.0000000000000        18.4047653104622     
   71.1000000000000        18.3901195506458     
   71.2000000000000        18.4427607865850     
   71.3000000000000        18.4387782329738     
   71.4000000000000        18.5599569362417     
   71.5000000000000        18.3420105371899     
   71.6000000000000        18.5354583607687     
   71.7000000000000        18.4793564870291     
   71.8000000000000        18.3875709158725     
   71.9000000000000        18.3972827886710     
   72.0000000000000        18.3002126627785     
   72.1000000000000        18.4191736156251     
   72.2000000000000        18.4067532681888     
   72.3000000000000        18.4690636414902     
   72.4000000000000        18.4932309588159     
   72.5000000000000        18.6796419829271     
   72.6000000000000        18.5092527662912     
   72.7000000000000        18.4603618960728     
   72.8000000000000        18.4837370074438     
   72.9000000000000        18.5194764783291     
   73.0000000000000        18.5401232438599     
   73.1000000000000        18.5685499535895     
   73.2000000000000        18.5429029589411     
   73.3000000000000        18.5418101535202     
   73.4000000000000        18.4645280594388     
   73.5000000000000        18.3699115415251     
   73.6000000000000        18.2271523776025     
   73.7000000000000        18.3132220018659     
   73.8000000000000        18.4329896294299     
   73.9000000000000        18.4092618268805     
   74.0000000000000        18.5448290087967     
   74.1000000000000        18.5433681332486     
   74.2000000000000        18.5119547650352     
   74.3000000000000        18.4610994196399     
   74.4000000000000        18.4509650748767     
   74.5000000000000        18.3581362021094     
   74.6000000000000        18.2610336724541     
   74.7000000000000        18.1292913166663     
   74.8000000000000        18.1558649831738     
   74.9000000000000        18.2815017600178     
   75.0000000000000        18.3292483458737     
   75.1000000000000        18.3633810573413     
   75.2000000000000        18.4083934666274     
   75.3000000000000        18.4462655931631     
   75.4000000000000        18.4576955645098     
   75.5000000000000        18.4440755281439     
   75.6000000000000        18.3324374229581     
   75.7000000000000        18.3101751455436     
   75.8000000000000        18.3916141232909     
   75.9000000000000        18.5280548430767     
   76.0000000000000        18.3742944191386     
   76.1000000000000        18.3568201709791     
   76.2000000000000        18.4675537094744     
   76.3000000000000        18.5500170971855     
   76.4000000000000        18.5866224038567     
   76.5000000000000        18.6094233063003     
   76.6000000000000        18.5469764545616     
   76.7000000000000        18.5336132861068     
   76.8000000000000        18.5770692955219     
   76.9000000000000        18.5470635320074     
   77.0000000000000        18.4165055591585     
   77.1000000000000        18.6148302211791     
   77.2000000000000        18.6519509309645     
   77.3000000000000        18.5918241754743     
   77.4000000000000        18.5791683571386     
   77.5000000000000        18.6135217866479     
   77.6000000000000        18.5411828138865     
   77.7000000000000        18.5777580835953     
   77.8000000000000        18.6696786218670     
   77.9000000000000        18.6301021844574     
   78.0000000000000        18.6601497181207     
   78.1000000000000        18.6630353804365     
   78.2000000000000        18.6109972155089     
   78.3000000000000        18.4946428417252     
   78.4000000000000        18.4243975992609     
   78.5000000000000        18.2536440754759     
   78.6000000000000        18.3877461392044     
   78.7000000000000        18.4107870549671     
   78.8000000000000        18.4387278036245     
   78.9000000000000        18.5770002697763     
   79.0000000000000        18.7309630378932     
   79.1000000000000        18.6301808811477     
   79.2000000000000        18.4520478933672     
   79.3000000000000        18.3428484639510     
   79.4000000000000        18.2505703654646     
   79.5000000000000        18.2306938735567     
   79.6000000000000        18.2851553794043     
   79.7000000000000        18.2991614841312     
   79.8000000000000        18.3368672217894     
   79.9000000000000        18.4297309317817     
   80.0000000000000        18.5154455266915     
   80.1000000000000        18.5532171851269     
   80.2000000000000        18.5432808885296     
   80.3000000000000        18.5446922530537     
   80.4000000000000        18.4910817362387     
   80.5000000000000        18.5398972636266     
   80.6000000000000        18.5760607027125     
   80.7000000000000        18.5428302260352     
   80.8000000000000        18.5397516378450     
   80.9000000000000        18.5815511940855     
   81.0000000000000        18.6099422008991     
   81.1000000000000        18.5592837052609     
   81.2000000000000        18.5832428991829     
   81.3000000000000        18.4692750347371     
   81.4000000000000        18.3414876054372     
   81.5000000000000        18.3169415679895     
   81.6000000000000        18.3624124484224     
   81.7000000000000        18.4187367788478     
   81.8000000000000        18.4715690107057     
   81.9000000000000        18.4623782084072     
   82.0000000000000        18.4748523143758     
   82.1000000000000        18.4842206777587     
   82.2000000000000        18.4560501255433     
   82.3000000000000        18.4605155493686     
   82.4000000000000        18.4124800521051     
   82.5000000000000        18.3581414042863     
   82.6000000000000        18.3624193903469     
   82.7000000000000        18.2794591320769     
   82.8000000000000        18.2272169151266     
   82.9000000000000        18.2532097265754     
   83.0000000000000        18.3643795465293     
   83.1000000000000        18.2983341848532     
   83.2000000000000        18.2293142132473     
   83.3000000000000        18.3510597617627     
   83.4000000000000        18.4338564649404     
   83.5000000000000        18.5847763145214     
   83.6000000000000        18.5795687181260     
   83.7000000000000        18.5846793113372     
   83.8000000000000        18.5773991030126     
   83.9000000000000        18.6263928141103     
   84.0000000000000        18.6268099662408     
   84.1000000000000        18.5570341699066     
   84.2000000000000        18.5170652341570     
   84.3000000000000        18.4633667319717     
   84.4000000000000        18.4529215113633     
   84.5000000000000        18.4285126858571     
   84.6000000000000        18.3928715184005     
   84.7000000000000        18.3796410888684     
   84.8000000000000        18.4300085833422     
   84.9000000000000        18.4544519010721     
   85.0000000000000        18.4136883539287     
   85.1000000000000        18.4227735771876     
   85.2000000000000        18.4479565815212     
   85.3000000000000        18.4649794110616     
   85.4000000000000        18.4657879266490     
   85.5000000000000        18.4934394501687     
   85.6000000000000        18.5059314597128     
   85.7000000000000        18.4338062601333     
   85.8000000000000        18.4026048368012     
   85.9000000000000        18.3499557840051     
   86.0000000000000        18.3268299745997     
   86.1000000000000        18.3572352015439     
   86.2000000000000        18.3895519037987     
   86.3000000000000        18.4056093054270     
   86.4000000000000        18.3677616179844     
   86.5000000000000        18.3358408867552     
   86.6000000000000        18.3536438559608     
   86.7000000000000        18.4122641506691     
   86.8000000000000        18.4684045900724     
   86.9000000000000        18.5011513251650     
   87.0000000000000        18.5245621857286     
   87.1000000000000        18.4810028477395     
   87.2000000000000        18.4829387475270     
   87.3000000000000        18.5056648522488     
   87.4000000000000        18.5513129402009     
   87.5000000000000        18.5859368122128     
   87.6000000000000        18.5794587453139     
   87.7000000000000        18.5828802266758     
   87.8000000000000        18.6123642678846     
   87.9000000000000        18.5853506520296     
   88.0000000000000        18.5569962543803     
   88.1000000000000        18.5697423979790     
   88.2000000000000        18.5664292807737     
   88.3000000000000        18.5176341373230     
   88.4000000000000        18.4774258250157     
   88.5000000000000        18.4807217819532     
   88.6000000000000        18.4470942238602     
   88.7000000000000        18.4115061758286     
   88.8000000000000        18.4043381543799     
   88.9000000000000        18.3894963382645     
   89.0000000000000        18.3864434930912     
   89.1000000000000        18.3469726650580     
   89.2000000000000        18.3330786499465     
   89.3000000000000        18.3224372003060     
   89.4000000000000        18.3292828627532     
   89.5000000000000        18.3470418557530     
   89.6000000000000        18.3790910056921     
   89.7000000000000        18.4016353033626     
   89.8000000000000        18.3935986721815     
   89.9000000000000        18.4305668667413     
   90.0000000000000        18.4488653595407     
   90.1000000000000        18.4824739991576     
   90.2000000000000        18.4977978039372     
   90.3000000000000        18.5184122665082     
   90.4000000000000        18.5489833020356     
   90.5000000000000        18.5710450816322     
   90.6000000000000        18.5911771839104     
   90.7000000000000        18.6104784481857     
   90.8000000000000        18.6241322873806     
   90.9000000000000        18.6368055829602     
   91.0000000000000        18.6438282664303     
   91.1000000000000        18.6469598145733     
   91.2000000000000        18.6521089894822     
   91.3000000000000        18.6449734126037     
   91.4000000000000        18.6334244726563     
   91.5000000000000        18.6246313817730     
   91.6000000000000        18.5992107933146     
   91.7000000000000        18.5891709583246     
   91.8000000000000        18.5629511941381     
   91.9000000000000        18.5434716700262     
   92.0000000000000        18.5324516715193     
   92.1000000000000        18.5197774772229     
   92.2000000000000        18.4952090654256     
   92.3000000000000        18.4662508838940     
