   1.09981328418269        1.78717009750813     
   2.09879815912507        2.78808450704225     
   3.09823737522038        6.61892957746479     
   4.09783474609867        6.92759479956663     
   5.09816204578919        7.23626002166847     
   6.09987287978674        7.73072372697725     
   7.09940270009974        8.41398266522210     
   8.09675017153495        12.9430704225352     
   9.09638315548364        13.1388580715060     
   10.0987645148925        15.8479198266522     
   11.0959184375824        17.1365222101842     
   12.0964807511191        19.8395904658722     
   13.0924840270309        21.8214409534128     
   14.0999085458607        21.9483033586132     
   15.0989352394827        29.4491679306609     
   16.0991695897028        33.8673759479957     
   17.0995051539503        38.0078851570964     
   18.0996808409691        60.0090227518960     
   18.9018045477569        52.3333477789816     
   18.9018045477569        52.3333477789816     
   18.9018045477569        52.3333477789816     
   18.9018045477569        52.3333477789816     
   18.9018045477569        52.3333477789816     
   18.9018045477569        52.3333477789816     
   18.9018045477569        52.3333477789816     
   18.9018045477569        52.3333477789816     
   18.9018045477569        52.3333477789816     
   18.9018045477569        52.3333477789816     
   18.9018045477569        52.3333477789816     
   18.9018045477569        52.3333477789816     
   18.9018045477569        52.3333477789816     
   18.9018045477569        52.3333477789816     
   18.9018045477569        52.3333477789816     
   18.9018045477569        52.3333477789816     
   18.9018045477569        52.3333477789816     
   18.9018045477569        52.3333477789816     
   18.9018045477569        52.3333477789816     
   18.9018045477569        52.3333477789816     
   18.9018045477569        52.3333477789816     
   18.9018045477569        52.3333477789816     
   18.9018045477569        52.3333477789816     
   18.9018045477569        52.3333477789816     
   18.9018045477569        52.3333477789816     
   18.9018045477569        52.3333477789816     
   18.9018045477569        52.3333477789816     
   18.9018045477569        52.3333477789816     
   18.9018045477569        52.3333477789816     
   18.9018045477569        52.3333477789816     
   18.9018045477569        52.3333477789816     
   18.9018045477569        52.3333477789816     
