   1.00000000000000        1.73337797619048     
   2.00000000000000        2.71240575396825     
   3.00000000000000        6.51762698412698     
   4.00000000000000        9.93623214285714     
   5.00000000000000        11.3438343253968     
   6.00000000000000        13.6495446428571     
   7.00000000000000        13.7554394841270     
   8.00000000000000        14.6195813492064     
   9.00000000000000        14.7574444444444     
   10.0000000000000        15.4877192460317     
   11.0000000000000        16.3728402777778     
   12.0000000000000        19.6126230158730     
   13.0000000000000        19.7414950396825     
   14.0000000000000        32.4948303571429     
   15.0000000000000        39.6347400793651     
   16.0000000000000        50.1592886904762     
   17.0000000000000        83.0576190476191     
   17.0000000000000        83.0576190476191     
   17.0000000000000        83.0576190476191     
   17.0000000000000        83.0576190476191     
   17.0000000000000        83.0576190476191     
   17.0000000000000        83.0576190476191     
   17.0000000000000        83.0576190476191     
   17.0000000000000        83.0576190476191     
   17.0000000000000        83.0576190476191     
   17.0000000000000        83.0576190476191     
   17.0000000000000        83.0576190476191     
   17.0000000000000        83.0576190476191     
   17.0000000000000        83.0576190476191     
   17.0000000000000        83.0576190476191     
   17.0000000000000        83.0576190476191     
   17.0000000000000        83.0576190476191     
   17.0000000000000        83.0576190476191     
   17.0000000000000        83.0576190476191     
   17.0000000000000        83.0576190476191     
   17.0000000000000        83.0576190476191     
   17.0000000000000        83.0576190476191     
