   1.00000000000000        1.78717009750813     
   2.00000000000000        2.78808450704225     
   3.00000000000000        6.61892957746479     
   4.00000000000000        6.92759479956663     
   5.00000000000000        7.23626002166847     
   6.00000000000000        7.73072372697725     
   7.00000000000000        8.41398266522210     
   8.00000000000000        12.9430704225352     
   9.00000000000000        13.1388580715060     
   10.0000000000000        15.8479198266522     
   11.0000000000000        17.1365222101842     
   12.0000000000000        19.8395904658722     
   13.0000000000000        21.8214409534128     
   14.0000000000000        21.9483033586132     
   15.0000000000000        29.4491679306609     
   16.0000000000000        33.8673759479957     
   17.0000000000000        38.0078851570964     
   18.0000000000000        60.0090227518960     
   18.0000000000000        52.3333477789816     
   18.0000000000000        52.3333477789816     
   18.0000000000000        52.3333477789816     
   18.0000000000000        52.3333477789816     
   18.0000000000000        52.3333477789816     
   18.0000000000000        52.3333477789816     
   18.0000000000000        52.3333477789816     
   18.0000000000000        52.3333477789816     
   18.0000000000000        52.3333477789816     
   18.0000000000000        52.3333477789816     
   18.0000000000000        52.3333477789816     
   18.0000000000000        52.3333477789816     
   18.0000000000000        52.3333477789816     
   18.0000000000000        52.3333477789816     
   18.0000000000000        52.3333477789816     
   18.0000000000000        52.3333477789816     
   18.0000000000000        52.3333477789816     
   18.0000000000000        52.3333477789816     
   18.0000000000000        52.3333477789816     
   18.0000000000000        52.3333477789816     
   18.0000000000000        52.3333477789816     
   18.0000000000000        52.3333477789816     
   18.0000000000000        52.3333477789816     
   18.0000000000000        52.3333477789816     
   18.0000000000000        52.3333477789816     
   18.0000000000000        52.3333477789816     
   18.0000000000000        52.3333477789816     
   18.0000000000000        52.3333477789816     
   18.0000000000000        52.3333477789816     
   18.0000000000000        52.3333477789816     
   18.0000000000000        52.3333477789816     
   18.0000000000000        52.3333477789816     
